IT_NO ID TOTAL_ASSETS LIQUIDITY LOANS MORTGAGES DEPOSITS CENTRALBANK_DEBT EQUITY
1 157 1182526.666667 0.000000 119166.666667 1063360.000000 55567.250000 1019184.166333 107775.250333
1 156 1111506.666667 0.000000 120866.666667 990640.000000 51593.100000 958623.803333 101289.763333
61 157 1170387.433708 0.000000 120060.416667 1050327.017042 86413.373558 1003097.024714 80877.035436
61 156 1101643.984940 0.000000 121773.166667 979870.818273 79697.529398 946155.614047 75790.841494
121 157 979786.288473 0.000000 95779.390674 884006.897800 103872.688295 980822.550058 -104908.949879
121 156 896340.323511 0.000000 90305.668633 806034.654877 96587.176679 925026.101094 -125272.954262
181 157 830276.199449 0.000000 22739.061215 807537.138233 122326.657906 960541.525887 -252591.984344
181 156 749801.346217 0.000000 22860.150566 726941.195651 114341.692996 907092.774135 -271633.120913
241 157 726962.901953 0.000000 4583.274518 722379.627436 142987.503779 937674.271412 -353698.873238
241 156 648262.981711 0.000000 5842.179350 642420.802361 134449.421354 885324.771833 -371511.211475
301 157 694432.409543 0.000000 2992.710086 691439.699457 162834.049835 915663.417793 -384065.058085
301 156 618468.821070 0.000000 4674.725444 613794.095625 153812.770784 864360.335156 -399704.284870
361 157 659461.423966 0.000000 5120.100777 654341.323188 181407.261801 896877.196479 -418823.034315
361 156 586162.776004 0.000000 6752.052135 579410.723869 171768.208697 846640.762689 -432246.195382
421 157 515904.125198 0.000000 13314.527632 502589.597565 210157.621660 914768.366826 -609021.863289
421 156 461365.265427 0.000000 15764.359398 445600.906028 198931.821647 865124.872965 -602691.429185
481 157 211412.992557 0.000000 19288.851031 192124.141526 235956.518372 924506.300429 -949049.826244
481 156 202438.628696 0.000000 19796.779869 182641.848827 223631.465654 873396.978187 -894589.815145
541 157 90910.943343 0.000000 22162.301028 68748.642315 267456.762068 925917.601127 -1102463.419851
541 156 93323.895037 0.000000 24109.596436 69214.298601 254652.536582 877091.844392 -1038420.485937
601 157 71748.696968 0.000000 22162.301028 49586.395939 305437.349234 924797.490057 -1158486.142324
601 156 76095.548284 0.000000 24109.596436 51985.951848 289171.607651 876877.525168 -1089953.584534
661 157 66329.160154 0.000000 22162.301028 44166.859125 350230.075292 923921.094029 -1207822.009167
661 156 71880.039486 0.000000 24109.596436 47770.443050 331026.836557 876734.823016 -1135881.620087
721 157 66236.768025 0.000000 22162.301028 44074.466996 396132.553718 923017.256958 -1252913.042652
721 156 71810.893002 0.000000 24109.596436 47701.296565 373742.092261 876589.535278 -1178520.734538
781 157 64663.334786 0.000000 22162.301028 42501.033757 441811.062723 922046.323532 -1299194.051470
781 156 70820.540647 0.000000 24109.596436 46710.944211 416142.102379 876499.333502 -1221820.895234
841 157 63805.199844 0.000000 22162.301028 41642.898816 487010.860158 879697.644068 -1302903.304382
841 156 70154.928156 0.000000 24109.596436 46045.331719 458560.619877 836876.591289 -1225282.283010
901 157 55796.669565 0.000000 22162.301028 33634.368537 533529.929708 836187.483493 -1313920.743636
901 156 62679.911774 0.000000 24109.596436 38570.315337 502279.534055 796214.352033 -1235813.974314
961 157 52942.112518 0.000000 22162.301028 30779.811489 581281.619797 791863.808044 -1320203.315324
961 156 60484.204649 0.000000 24109.596436 36374.608213 545673.764766 756145.444216 -1241335.004333
1021 157 52317.694297 0.000000 22162.301028 30155.393269 629323.838508 747373.695836 -1324379.840047
1021 156 57848.485492 0.000000 24109.596436 33738.889055 589142.033462 715831.228945 -1247124.776915
1081 157 51127.075767 0.000000 22162.301028 28964.774738 676361.241260 702856.440511 -1328090.606004
1081 156 56155.098374 0.000000 24109.596436 32045.501938 631606.176965 675033.635153 -1250484.713744
1141 157 50836.554212 0.000000 22162.301028 28674.253184 724483.146608 657694.835750 -1331341.428145
1141 156 55688.795326 0.000000 24109.596436 31579.198889 675285.522139 633973.816552 -1253570.543365
1201 157 50875.831480 0.000000 22330.079699 28545.751782 772195.184227 613048.226866 -1334367.579613
1201 156 55715.028377 0.000000 24277.375107 31437.653271 719792.207549 592375.452297 -1256452.631468
1261 157 50746.526945 0.000000 22330.079699 28416.447246 819951.591845 567965.607100 -1337170.672000
1261 156 55908.155439 0.000000 24612.932447 31295.222992 764326.522960 550708.615719 -1259126.983240
1321 157 50784.192926 0.000000 22497.858369 28286.334557 867355.092913 523178.259454 -1339749.159441
1321 156 55764.834971 0.000000 24612.932447 31151.902524 809091.731577 508265.736072 -1261592.632678
1381 157 50653.267032 0.000000 22497.858369 28155.408663 915232.483688 477524.677523 -1342103.894179
1381 156 55620.618750 0.000000 24612.932447 31007.686303 853455.050487 466012.531734 -1263846.963471
1441 157 51024.858862 0.000000 23001.194380 28023.664483 962946.820037 432309.218118 -1344231.179293
1441 156 55475.501178 0.000000 24612.932447 30862.568731 897884.417150 423482.013621 -1265890.929594
1501 157 50734.630548 0.000000 23001.194380 27733.436168 1010321.062980 386544.890570 -1346131.323002
1501 156 55171.815888 0.000000 24612.932447 30558.883441 942441.540754 380453.425244 -1267723.150110
1561 157 50769.768419 0.000000 23168.973050 27600.795369 1058164.004345 340410.223073 -1347804.459000
1561 156 54633.370499 0.000000 24612.932447 30020.438052 986274.703014 337701.778583 -1269343.111098
1621 157 50636.298615 0.000000 23168.973050 27467.325565 1105978.467564 293904.952546 -1349247.121495
1621 156 54332.029754 0.000000 24612.932447 29719.097307 1030552.637318 294531.086192 -1270751.693756
1681 157 50191.233520 0.000000 23168.973050 27022.260470 1153362.745887 247287.555366 -1350459.067733
1681 156 54186.691692 0.000000 24612.932447 29573.759245 1074911.824025 251221.173999 -1271946.306333
1741 157 49671.101863 0.000000 23168.973050 26502.128813 1200886.015402 200225.466613 -1351440.380152
1741 156 53731.223324 0.000000 24612.932447 29118.290877 1118947.864981 207709.283472 -1272925.925130
1801 157 49230.925422 0.000000 23168.973050 26061.952373 1248312.218014 153107.692939 -1352188.985531
1801 156 53124.101898 0.000000 24612.932447 28511.169451 1162818.332725 163997.241330 -1273691.472157
1861 157 48793.037759 0.000000 23168.973050 25624.064709 1295820.565977 105677.545419 -1352705.073637
1861 156 52520.745782 0.000000 24612.932447 27907.813335 1206816.602217 119946.390595 -1274242.247029
1921 157 48205.189668 0.000000 23168.973050 25036.216618 1343057.385288 58134.869430 -1352987.065050
1921 156 51768.919871 0.000000 24612.932447 27155.987424 1250598.393043 75747.696697 -1274577.169869
1981 157 47545.514534 0.000000 23168.973050 24376.541484 1390292.918360 10288.403129 -1353035.806956
1981 156 51401.224510 0.000000 24612.932447 26788.292063 1294898.532398 31197.052901 -1274694.360789
2041 157 84644.835123 37603.557131 23168.973050 23872.304942 1437493.320450 0.000000 -1352848.485327
2041 156 63854.630564 13573.049125 24612.932447 25668.648992 1338446.829256 0.000000 -1274592.198692
2101 157 132072.079173 85831.623032 23168.973050 23071.483091 1484685.420759 0.000000 -1352613.341586
2101 156 108332.411279 58411.506151 24612.932447 25307.972681 1382671.882418 0.000000 -1274339.471139
2161 157 178995.335005 133847.430232 23168.973050 21978.931723 1531379.469815 0.000000 -1352384.134811
2161 156 152006.998572 103265.188518 24612.932447 24128.877607 1426096.777070 0.000000 -1274089.778498
2221 157 225879.154278 181900.684847 23168.973050 20809.496382 1578040.460961 0.000000 -1352161.306683
2221 156 195394.325197 148278.456829 24612.932447 22502.935920 1469244.571601 0.000000 -1273850.246405
2281 157 272664.142201 229844.330211 23168.973050 19650.838940 1624610.668279 0.000000 -1351946.526078
2281 156 238414.887172 193204.301032 24612.932447 20597.653693 1512035.461344 0.000000 -1273620.574172
2341 157 319858.004022 277965.999810 23168.973050 18723.031162 1671595.929858 0.000000 -1351737.925836
2341 156 282353.442334 238149.154359 24612.932447 19591.355528 1555756.259831 0.000000 -1273402.817497
2401 157 366440.330512 325965.697622 23168.973050 17305.659840 1717977.103359 0.000000 -1351536.772847
2401 156 325873.887747 283018.946114 24612.932447 18242.009186 1599064.710380 0.000000 -1273190.822633
2461 157 413601.795485 374022.789834 23168.973050 16410.032601 1764946.106564 0.000000 -1351344.311079
2461 156 368725.650425 328028.376829 24612.932447 16084.341149 1641713.554588 0.000000 -1272987.904163
2521 157 460372.696320 422065.287098 23168.973050 15138.436173 1811530.631861 0.000000 -1351157.935541
2521 156 411946.650813 372855.369132 24612.932447 14478.349234 1684744.901048 0.000000 -1272798.250236
2581 157 507197.581114 470065.096909 23168.973050 13963.511155 1858178.122919 0.000000 -1350980.541805
2581 156 455603.289030 417922.082247 24612.932447 13068.274336 1728223.231789 0.000000 -1272619.942759
2641 157 554479.571907 518153.378955 23168.973050 13157.219902 1905287.027952 0.000000 -1350807.456045
2641 156 498633.603403 462703.289768 24612.932447 11317.381188 1771083.974980 0.000000 -1272450.371578
2701 157 601417.671804 566314.620118 23168.973050 11934.078636 1952058.856238 0.000000 -1350641.184433
2701 156 542244.103757 507608.571532 24612.932447 10022.599778 1814533.842639 0.000000 -1272289.738882
2761 157 648284.611920 614262.409812 23168.973050 10853.229059 1998767.054160 0.000000 -1350482.442240
2761 156 585579.959085 552530.271405 24612.932447 8436.755234 1857716.873052 0.000000 -1272136.913966
2821 157 694882.742950 662384.292495 23168.973050 9329.477406 2045212.913010 0.000000 -1350330.170060
2821 156 629376.991023 597474.911648 24612.932447 7289.146928 1901371.174709 0.000000 -1271994.183685
2881 157 741419.773497 710427.598579 23168.973050 7823.201869 2091607.787345 0.000000 -1350188.013847
2881 156 672709.206334 642301.095131 24612.932447 5795.178756 1944567.964216 0.000000 -1271858.757882
2941 157 786035.223771 758547.503750 23168.973050 4318.746971 2136097.721462 0.000000 -1350062.497691
2941 156 715891.821175 687247.712886 24612.932447 4031.175842 1987626.286759 0.000000 -1271734.465584
3001 157 832033.046913 806575.160752 23168.973050 2288.913111 2181985.867452 0.000000 -1349952.820539
3001 156 758991.391006 732089.545451 24612.932447 2288.913107 2030612.562686 0.000000 -1271621.171680
3061 157 878547.836307 854810.278382 23168.973050 568.584875 2228403.044058 0.000000 -1349855.207752
3061 156 803239.637807 776920.950748 24612.932447 1705.754612 2074756.589284 0.000000 -1271516.951478
3121 157 926489.559410 902755.690477 23168.973050 564.895883 2276254.329857 0.000000 -1349764.770447
3121 156 847305.397603 821845.028220 24612.932447 847.436937 2118721.758722 0.000000 -1271416.361118
3181 157 973911.263199 950742.290145 23168.973050 0.000004 2323585.619398 0.000000 -1349674.356199
3181 156 891537.883925 866924.951478 24612.932447 0.000000 2162857.238693 0.000000 -1271319.354768
3241 157 1021965.042910 998796.069857 23168.973050 0.000004 2371552.515460 0.000000 -1349587.472550
3241 156 936353.593781 911740.661333 24612.932447 0.000000 2207580.650052 0.000000 -1271227.056271
3301 157 1070092.642852 1046923.669798 23168.973050 0.000004 2419593.231753 0.000000 -1349500.588901
3301 156 981292.516766 956679.584318 24612.932447 0.000000 2252427.274540 0.000000 -1271134.757775
3361 157 1118112.482691 1094943.509638 23168.973050 0.000004 2467526.187944 0.000000 -1349413.705252
3361 156 1026142.166493 1001529.234045 24612.932447 0.000000 2297184.625771 0.000000 -1271042.459278
3421 157 1166120.158775 1142951.185721 23168.973050 0.000004 2515446.980378 0.000000 -1349326.821603
3421 156 1071201.013336 1046588.080889 24612.932447 0.000000 2342151.174117 0.000000 -1270950.160781
3481 157 1214077.722992 1190908.749938 23168.973050 0.000004 2563317.660947 0.000000 -1349239.937955
3481 156 1116112.938686 1091500.006238 24612.932447 0.000000 2386970.800970 0.000000 -1270857.862284
3541 157 1262027.553243 1238858.580190 23168.973050 0.000004 2611180.607549 0.000000 -1349153.054306
3541 156 1161229.631361 1136616.698914 24612.932447 0.000000 2431995.195149 0.000000 -1270765.563788
