IT_NO ID REVENUES INTERESTS_ACCRUED TOTAL_COSTS TOTAL_WRITEOFFS INTERESTS_PAID NET_EARNINGS RETAINED_EARNINGS TOTAL_DIVIDENDS
1 157 0.000000 0.000000 22302.683000 0.000000 22302.683000 -22302.683000 0.000000 0.000000
1 156 0.000000 0.000000 20975.970000 0.000000 20975.970000 -20975.970000 0.000000 0.000000
61 157 11255.183270 11255.183270 38153.398171 33057.477339 5095.920832 -26898.214901 0.000000 0.000000
61 156 10573.195130 10573.195130 36072.116970 31278.997953 4793.119017 -25498.921839 0.000000 0.000000
121 157 6504.718454 6504.718454 192290.703768 187275.218644 5015.485124 -185785.985314 0.000000 0.000000
121 156 6024.248399 6024.248399 207088.044153 202357.266083 4730.778070 -201063.795755 0.000000 0.000000
181 157 5502.974815 5502.974815 153186.009279 148281.896529 4904.112750 -147683.034464 0.000000 0.000000
181 156 5055.002409 5055.002409 151415.169059 146790.038553 4625.130505 -146360.166650 0.000000 0.000000
241 157 4769.244468 4769.244468 105876.133362 101073.425733 4802.707629 -101106.888895 0.000000 0.000000
241 156 4284.605179 4284.605179 104162.695742 99627.231871 4535.463871 -99878.090562 0.000000 0.000000
301 157 4448.953061 4448.953061 34815.137908 30126.766551 4688.371357 -30366.184847 0.000000 0.000000
301 156 3953.318354 3953.318354 32146.391749 27719.767890 4426.623859 -28193.073395 0.000000 0.000000
361 157 4273.422839 4273.422839 39031.399070 34453.081981 4578.317089 -34757.976231 0.000000 0.000000
361 156 3809.896730 3809.896730 36351.807242 32030.005567 4321.801676 -32541.910512 0.000000 0.000000
421 157 3922.474960 3922.474960 194121.303934 149277.444111 44843.859824 -190198.828974 0.000000 0.000000
421 156 3476.830957 3476.830957 173922.064761 131590.026627 42332.038134 -170445.233804 0.000000 0.000000
481 157 6753.031733 6753.031733 346780.994688 301042.576347 45738.418341 -340027.962956 0.000000 0.000000
481 156 6038.062299 6038.062299 297936.448259 254680.204611 43256.243648 -291898.385960 0.000000 0.000000
541 157 3082.667514 3082.667514 156496.261121 110270.946099 46225.315021 -153413.593607 0.000000 0.000000
541 156 3024.275455 3024.275455 146854.946248 103185.097338 43669.848909 -143830.670792 0.000000 0.000000
601 157 1322.416908 1322.416908 57345.139380 11049.259324 46295.880056 -56022.722473 0.000000 0.000000
601 156 1374.748186 1374.748186 52907.846783 9053.254564 43854.592220 -51533.098598 0.000000 0.000000
661 157 1149.740633 1149.740633 50485.607477 4245.732974 46239.874503 -49335.866843 0.000000 0.000000
661 156 1225.951449 1225.951449 47153.987002 3310.110743 43843.876258 -45928.035552 0.000000 0.000000
721 157 1105.021217 1105.021217 46196.054701 0.000000 46196.054701 -45091.033485 0.000000 0.000000
721 156 1197.626700 1197.626700 43836.741151 0.000000 43836.741151 -42639.114451 0.000000 0.000000
781 157 1093.838989 1093.838989 47374.847807 1223.984959 46150.862848 -46281.008818 0.000000 0.000000
781 156 1193.039505 1193.039505 44493.200201 663.723437 43829.476764 -43300.160696 0.000000 0.000000
841 157 1069.389831 1069.389831 4778.642743 168.411126 4610.231618 -3709.252912 0.000000 0.000000
841 156 1175.098122 1175.098122 4636.485898 253.989230 4382.496668 -3461.387776 0.000000 0.000000
901 157 337.493164 337.493164 11354.932419 6956.444199 4398.488220 -11017.439255 0.000000 0.000000
901 156 374.766390 374.766390 10906.457694 6722.074737 4184.382956 -10531.691304 0.000000 0.000000
961 157 290.266586 290.266586 6572.838273 2391.900856 4180.937417 -6282.571687 0.000000 0.000000
961 156 330.374826 330.374826 5851.404845 1870.333085 3981.071760 -5521.030019 0.000000 0.000000
1021 157 274.113420 274.113420 4450.638143 491.319103 3959.319040 -4176.524723 0.000000 0.000000
1021 156 312.067146 312.067146 6101.839729 2321.112508 3780.727221 -5789.772582 0.000000 0.000000
1081 157 270.388008 270.388008 3981.153965 244.285486 3736.868479 -3710.765957 0.000000 0.000000
1081 156 298.900772 298.900772 3658.837600 79.681456 3579.156145 -3359.936829 0.000000 0.000000
1141 157 263.460061 263.460061 3514.282203 0.000000 3514.282203 -3250.822141 0.000000 0.000000
1141 156 289.338555 289.338555 3375.168176 0.000000 3375.168176 -3085.829621 0.000000 0.000000
1201 157 262.322711 262.322711 3288.474179 0.000000 3288.474179 -3026.151468 0.000000 0.000000
1201 156 287.780980 287.780980 3169.869083 0.000000 3169.869083 -2882.088103 0.000000 0.000000
1261 157 262.148747 262.148747 3065.241134 0.000000 3065.241134 -2803.092387 0.000000 0.000000
1261 156 287.525490 287.525490 2961.877261 0.000000 2961.877261 -2674.351772 0.000000 0.000000
1321 157 261.340594 261.340594 2839.828035 0.000000 2839.828035 -2578.487441 0.000000 0.000000
1321 156 287.893640 287.893640 2753.543079 0.000000 2753.543079 -2465.649438 0.000000 0.000000
1381 157 261.156560 261.156560 2615.891297 0.000000 2615.891297 -2354.734737 0.000000 0.000000
1381 156 286.997887 286.997887 2541.328680 0.000000 2541.328680 -2254.330793 0.000000 0.000000
1441 157 260.338273 260.338273 2387.623388 0.000000 2387.623388 -2127.285115 0.000000 0.000000
1441 156 286.096536 286.096536 2330.062659 0.000000 2330.062659 -2043.966123 0.000000 0.000000
1501 157 261.402382 261.402382 2161.546091 0.000000 2161.546091 -1900.143709 0.000000 0.000000
1501 156 285.189551 285.189551 2117.410068 0.000000 2117.410068 -1832.220517 0.000000 0.000000
1561 157 259.588455 259.588455 1932.724453 0.000000 1932.724453 -1673.135998 0.000000 0.000000
1561 156 282.306139 282.306139 1902.267126 0.000000 1902.267126 -1619.960988 0.000000 0.000000
1621 157 259.388620 259.388620 1702.051115 0.000000 1702.051115 -1442.662495 0.000000 0.000000
1621 156 279.926234 279.926234 1688.508893 0.000000 1688.508893 -1408.582658 0.000000 0.000000
1681 157 257.578525 257.578525 1469.524763 0.000000 1469.524763 -1211.946237 0.000000 0.000000
1681 156 278.042855 278.042855 1472.655431 0.000000 1472.655431 -1194.612576 0.000000 0.000000
1741 157 255.125358 255.125358 1236.437777 0.000000 1236.437777 -981.312419 0.000000 0.000000
1741 156 276.487073 276.487073 1256.105870 0.000000 1256.105870 -979.618797 0.000000 0.000000
1801 157 252.521954 252.521954 1001.127333 0.000000 1001.127333 -748.605379 0.000000 0.000000
1801 156 272.999390 272.999390 1038.546417 0.000000 1038.546417 -765.547027 0.000000 0.000000
1861 157 249.450358 249.450358 765.538465 0.000000 765.538465 -516.088106 0.000000 0.000000
1861 156 269.211334 269.211334 819.986207 0.000000 819.986207 -550.774872 0.000000 0.000000
1921 157 246.396314 246.396314 528.387727 0.000000 528.387727 -281.991413 0.000000 0.000000
1921 156 264.809113 264.809113 599.731953 0.000000 599.731953 -334.922840 0.000000 0.000000
1981 157 241.932441 241.932441 290.674347 0.000000 290.674347 -48.741906 0.000000 0.000000
1981 156 261.547564 261.547564 378.738483 0.000000 378.738483 -117.190919 0.000000 0.000000
2041 157 238.763645 238.763645 51.442016 0.000000 51.442016 187.321629 0.000000 0.000000
2041 156 258.147361 258.147361 155.985265 0.000000 155.985265 102.162097 0.000000 0.000000
2101 157 235.143740 235.143740 0.000000 0.000000 0.000000 235.143740 187.321629 0.000000
2101 156 252.727553 252.727553 0.000000 0.000000 0.000000 252.727553 102.162097 0.000000
2161 157 229.206775 229.206775 0.000000 0.000000 0.000000 229.206775 235.143740 0.000000
2161 156 249.692641 249.692641 0.000000 0.000000 0.000000 249.692641 252.727553 0.000000
2221 157 222.828128 222.828128 0.000000 0.000000 0.000000 222.828128 229.206775 0.000000
2221 156 239.532093 239.532093 0.000000 0.000000 0.000000 239.532093 249.692641 0.000000
2281 157 214.780605 214.780605 0.000000 0.000000 0.000000 214.780605 222.828128 0.000000
2281 156 229.672233 229.672233 0.000000 0.000000 0.000000 229.672233 239.532093 0.000000
2341 157 208.600242 208.600242 0.000000 0.000000 0.000000 208.600242 214.780605 0.000000
2341 156 217.756675 217.756675 0.000000 0.000000 0.000000 217.756675 229.672233 0.000000
2401 157 201.152989 201.152989 0.000000 0.000000 0.000000 201.152989 208.600242 0.000000
2401 156 211.994864 211.994864 0.000000 0.000000 0.000000 211.994864 217.756675 0.000000
2461 157 192.461769 192.461769 0.000000 0.000000 0.000000 192.461769 201.152989 0.000000
2461 156 202.918471 202.918471 0.000000 0.000000 0.000000 202.918471 211.994864 0.000000
2521 157 186.375538 186.375538 0.000000 0.000000 0.000000 186.375538 192.461769 0.000000
2521 156 189.653927 189.653927 0.000000 0.000000 0.000000 189.653927 202.918471 0.000000
2581 157 177.393736 177.393736 0.000000 0.000000 0.000000 177.393736 186.375538 0.000000
2581 156 178.307477 178.307477 0.000000 0.000000 0.000000 178.307477 189.653927 0.000000
2641 157 173.085760 173.085760 0.000000 0.000000 0.000000 173.085760 177.393736 0.000000
2641 156 169.571181 169.571181 0.000000 0.000000 0.000000 169.571181 178.307477 0.000000
2701 157 166.271612 166.271612 0.000000 0.000000 0.000000 166.271612 173.085760 0.000000
2701 156 160.632695 160.632695 0.000000 0.000000 0.000000 160.632695 169.571181 0.000000
2761 157 158.742193 158.742193 0.000000 0.000000 0.000000 158.742193 166.271612 0.000000
2761 156 152.824916 152.824916 0.000000 0.000000 0.000000 152.824916 160.632695 0.000000
2821 157 152.272180 152.272180 0.000000 0.000000 0.000000 152.272180 158.742193 0.000000
2821 156 142.730281 142.730281 0.000000 0.000000 0.000000 142.730281 152.824916 0.000000
2881 157 142.156212 142.156212 0.000000 0.000000 0.000000 142.156212 152.272180 0.000000
2881 156 135.425804 135.425804 0.000000 0.000000 0.000000 135.425804 142.730281 0.000000
2941 157 125.516157 125.516157 0.000000 0.000000 0.000000 125.516157 142.156212 0.000000
2941 156 124.292298 124.292298 0.000000 0.000000 0.000000 124.292298 135.425804 0.000000
3001 157 109.677151 109.677151 0.000000 0.000000 0.000000 109.677151 125.516157 0.000000
3001 156 113.293904 113.293904 0.000000 0.000000 0.000000 113.293904 124.292298 0.000000
3061 157 97.612787 97.612787 0.000000 0.000000 0.000000 97.612787 109.677151 0.000000
3061 156 104.220203 104.220203 0.000000 0.000000 0.000000 104.220203 113.293904 0.000000
3121 157 90.437304 90.437304 0.000000 0.000000 0.000000 90.437304 97.612787 0.000000
3121 156 100.590359 100.590359 0.000000 0.000000 0.000000 100.590359 104.220203 0.000000
3181 157 90.414248 90.414248 0.000000 0.000000 0.000000 90.414248 90.437304 0.000000
3181 156 97.006350 97.006350 0.000000 0.000000 0.000000 97.006350 100.590359 0.000000
3241 157 86.883649 86.883649 0.000000 0.000000 0.000000 86.883649 90.414248 0.000000
3241 156 92.298497 92.298497 0.000000 0.000000 0.000000 92.298497 97.006350 0.000000
3301 157 86.883649 86.883649 0.000000 0.000000 0.000000 86.883649 86.883649 0.000000
3301 156 92.298497 92.298497 0.000000 0.000000 0.000000 92.298497 92.298497 0.000000
3361 157 86.883649 86.883649 0.000000 0.000000 0.000000 86.883649 86.883649 0.000000
3361 156 92.298497 92.298497 0.000000 0.000000 0.000000 92.298497 92.298497 0.000000
3421 157 86.883649 86.883649 0.000000 0.000000 0.000000 86.883649 86.883649 0.000000
3421 156 92.298497 92.298497 0.000000 0.000000 0.000000 92.298497 92.298497 0.000000
3481 157 86.883649 86.883649 0.000000 0.000000 0.000000 86.883649 86.883649 0.000000
3481 156 92.298497 92.298497 0.000000 0.000000 0.000000 92.298497 92.298497 0.000000
3541 157 86.883649 86.883649 0.000000 0.000000 0.000000 86.883649 86.883649 0.000000
3541 156 92.298497 92.298497 0.000000 0.000000 0.000000 92.298497 92.298497 0.000000
