IT_NO INTEREST_RATE INFLATION_RATE REVENUES TOTAL_COSTS NET_EARNINGS TOTAL_ASSETS LIQUIDITY LOANS_BANKS LOANS_GOVERNMENT EQUITY FIAT_MONEY LIQUIDITY_BANKS LIQUIDITY_GOVERNMENT
1 0.020000 0.020000 43278.653000 0.000000 0.000000 4141740.619667 2163932.650000 1977807.969667 0.000000 2163932.650000 -186124.680333 2163932.650000 0.000000
61 0.005000 0.000000 9889.039848 0.000000 0.000000 4111329.376460 2163932.650000 1947396.726460 0.000000 2163932.650000 -216535.923540 2163932.650000 0.000000
121 0.005000 -0.285783 9736.983632 0.000000 0.000000 4069645.622460 2163932.650000 1905712.972460 0.000000 2163932.650000 -258219.677540 2163932.650000 0.000000
181 0.005000 -0.309027 9528.564862 0.000000 0.000000 4027831.267696 2163932.650000 1863898.617696 0.000000 2163932.650000 -300034.032304 2163932.650000 0.000000
241 0.005000 -0.278230 9319.493088 0.000000 0.000000 3984872.356941 2163932.650000 1820939.706941 0.000000 2163932.650000 -342992.943059 2163932.650000 0.000000
301 0.005000 -0.253899 9104.698535 0.000000 0.000000 3944474.638612 2163932.650000 1780541.988612 0.000000 2163932.650000 -383390.661388 2163932.650000 0.000000
361 0.005000 0.015646 8902.709943 0.000000 0.000000 3908094.234560 2163932.650000 1744161.584560 0.000000 2163932.650000 -419771.065440 2163932.650000 0.000000
421 0.050000 0.295861 87208.079228 0.000000 0.000000 3949664.660837 2163932.650000 1785732.010837 0.000000 2163932.650000 -378200.639163 2163932.650000 0.000000
481 0.050000 0.401366 89286.600542 0.000000 0.000000 3976393.219386 2163932.650000 1812460.569386 0.000000 2163932.650000 -351472.080614 2163932.650000 0.000000
541 0.050000 0.512921 90623.028469 0.000000 0.000000 3985642.945527 2163932.650000 1821710.295527 0.000000 2163932.650000 -342222.354473 2163932.650000 0.000000
601 0.050000 0.943273 91085.514776 0.000000 0.000000 3986441.994069 2163932.650000 1822509.344069 0.000000 2163932.650000 -341423.305931 2163932.650000 0.000000
661 0.050000 0.758782 91125.467203 0.000000 0.000000 3987476.377621 2163932.650000 1823543.727621 0.000000 2163932.650000 -340388.922379 2163932.650000 0.000000
721 0.050000 0.534921 91177.186381 0.000000 0.000000 3988649.126416 2163932.650000 1824716.476416 0.000000 2163932.650000 -339216.173584 2163932.650000 0.000000
781 0.050000 0.369303 91235.823821 0.000000 0.000000 3989908.012650 2163932.650000 1825975.362650 0.000000 2163932.650000 -337957.287350 2163932.650000 0.000000
841 0.005000 0.000000 9129.876813 0.000000 0.000000 3909018.436877 2163932.650000 1745085.786877 0.000000 2163932.650000 -418846.863123 2163932.650000 0.000000
901 0.005000 -0.280457 8725.428934 0.000000 0.000000 3825786.051001 2163932.650000 1661853.401001 0.000000 2163932.650000 -502079.248999 2163932.650000 0.000000
961 0.005000 -0.280457 8309.267005 0.000000 0.000000 3742284.064398 2163932.650000 1578351.414398 0.000000 2163932.650000 -585581.235602 2163932.650000 0.000000
1021 0.005000 -0.280457 7891.757072 0.000000 0.000000 3658077.565961 2163932.650000 1494144.915961 0.000000 2163932.650000 -669787.734039 2163932.650000 0.000000
1081 0.005000 -0.280457 7470.724580 0.000000 0.000000 3573665.951284 2163932.650000 1409733.301284 0.000000 2163932.650000 -754199.348716 2163932.650000 0.000000
1141 0.005000 -0.000000 7048.666506 0.000000 0.000000 3488560.631546 2163932.650000 1324627.981546 0.000000 2163932.650000 -839304.668454 2163932.650000 0.000000
1201 0.005000 0.000000 6623.139908 0.000000 0.000000 3403665.816785 2163932.650000 1239733.166785 0.000000 2163932.650000 -924199.483215 2163932.650000 0.000000
1261 0.005000 0.000000 6198.665834 0.000000 0.000000 3318032.069473 2163932.650000 1154099.419473 0.000000 2163932.650000 -1009833.230527 2163932.650000 0.000000
1321 0.005000 -0.000000 5770.497097 0.000000 0.000000 3232101.268105 2163932.650000 1068168.618105 0.000000 2163932.650000 -1095764.031895 2163932.650000 0.000000
1381 0.005000 0.000000 5340.843091 0.000000 0.000000 3145642.960039 2163932.650000 981710.310039 0.000000 2163932.650000 -1182222.339961 2163932.650000 0.000000
1441 0.005000 -0.000000 4908.551550 0.000000 0.000000 3058443.757951 2163932.650000 894511.107951 0.000000 2163932.650000 -1269421.542049 2163932.650000 0.000000
1501 0.005000 0.000000 4472.555540 0.000000 0.000000 2971308.689336 2163932.650000 807376.039336 0.000000 2163932.650000 -1356556.610664 2163932.650000 0.000000
1561 0.005000 0.000000 4036.880197 0.000000 0.000000 2883093.156386 2163932.650000 719160.506386 0.000000 2163932.650000 -1444772.143614 2163932.650000 0.000000
1621 0.005000 -0.000000 3595.802532 0.000000 0.000000 2794794.532428 2163932.650000 630861.882428 0.000000 2163932.650000 -1533070.767572 2163932.650000 0.000000
1681 0.005000 0.000000 3154.309412 0.000000 0.000000 2705864.207363 2163932.650000 541931.557363 0.000000 2163932.650000 -1622001.092637 2163932.650000 0.000000
1741 0.005000 -0.000000 2709.657787 0.000000 0.000000 2616678.809490 2163932.650000 452746.159490 0.000000 2163932.650000 -1711186.490510 2163932.650000 0.000000
1801 0.005000 -0.000000 2263.730797 0.000000 0.000000 2526714.504643 2163932.650000 362781.854643 0.000000 2163932.650000 -1801150.795357 2163932.650000 0.000000
1861 0.005000 0.000000 1813.909273 0.000000 0.000000 2436633.358255 2163932.650000 272700.708255 0.000000 2163932.650000 -1891231.941745 2163932.650000 0.000000
1921 0.005000 0.000000 1363.503541 0.000000 0.000000 2345768.826152 2163932.650000 181836.176152 0.000000 2163932.650000 -1982096.473848 2163932.650000 0.000000
1981 0.005000 0.000000 909.180881 0.000000 0.000000 2254782.951372 2163932.650000 90850.301372 0.000000 2163932.650000 -2073082.348628 2163932.650000 0.000000
2041 0.005000 -0.000000 454.251507 0.000000 0.000000 2178050.285152 2163932.650000 14117.635152 0.000000 2163932.650000 -2149815.014848 2163932.650000 0.000000
2101 0.005000 0.000000 70.588176 0.000000 0.000000 2163932.650000 2163932.650000 -0.000000 0.000000 2163932.650000 -2163932.650000 2163932.650000 0.000000
2161 0.005000 -0.000000 0.000000 0.000000 0.000000 2163932.650000 2163932.650000 -0.000000 0.000000 2163932.650000 -2163932.650000 2163932.650000 0.000000
2221 0.005000 -0.000000 0.000000 0.000000 0.000000 2163932.650000 2163932.650000 -0.000000 0.000000 2163932.650000 -2163932.650000 2163932.650000 0.000000
2281 0.005000 0.000000 0.000000 0.000000 0.000000 2163932.650000 2163932.650000 -0.000000 0.000000 2163932.650000 -2163932.650000 2163932.650000 0.000000
2341 0.005000 0.000000 0.000000 0.000000 0.000000 2163932.650000 2163932.650000 -0.000000 0.000000 2163932.650000 -2163932.650000 2163932.650000 0.000000
2401 0.005000 0.000000 0.000000 0.000000 0.000000 2163932.650000 2163932.650000 -0.000000 0.000000 2163932.650000 -2163932.650000 2163932.650000 0.000000
2461 0.005000 0.000000 0.000000 0.000000 0.000000 2163932.650000 2163932.650000 -0.000000 0.000000 2163932.650000 -2163932.650000 2163932.650000 0.000000
2521 0.005000 -0.000000 0.000000 0.000000 0.000000 2163932.650000 2163932.650000 -0.000000 0.000000 2163932.650000 -2163932.650000 2163932.650000 0.000000
2581 0.005000 0.000000 0.000000 0.000000 0.000000 2163932.650000 2163932.650000 -0.000000 0.000000 2163932.650000 -2163932.650000 2163932.650000 0.000000
2641 0.005000 -0.000000 0.000000 0.000000 0.000000 2163932.650000 2163932.650000 -0.000000 0.000000 2163932.650000 -2163932.650000 2163932.650000 0.000000
2701 0.005000 0.000000 0.000000 0.000000 0.000000 2163932.650000 2163932.650000 -0.000000 0.000000 2163932.650000 -2163932.650000 2163932.650000 0.000000
2761 0.005000 -0.000000 0.000000 0.000000 0.000000 2163932.650000 2163932.650000 -0.000000 0.000000 2163932.650000 -2163932.650000 2163932.650000 0.000000
2821 0.005000 -0.000000 0.000000 0.000000 0.000000 2163932.650000 2163932.650000 -0.000000 0.000000 2163932.650000 -2163932.650000 2163932.650000 0.000000
2881 0.005000 -0.000000 0.000000 0.000000 0.000000 2163932.650000 2163932.650000 -0.000000 0.000000 2163932.650000 -2163932.650000 2163932.650000 0.000000
2941 0.005000 0.000000 0.000000 0.000000 0.000000 2163932.650000 2163932.650000 -0.000000 0.000000 2163932.650000 -2163932.650000 2163932.650000 0.000000
3001 0.005000 0.000000 0.000000 0.000000 0.000000 2163932.650000 2163932.650000 -0.000000 0.000000 2163932.650000 -2163932.650000 2163932.650000 0.000000
3061 0.005000 -0.000000 0.000000 0.000000 0.000000 2163932.650000 2163932.650000 -0.000000 0.000000 2163932.650000 -2163932.650000 2163932.650000 0.000000
3121 0.005000 -0.000000 0.000000 0.000000 0.000000 2163932.650000 2163932.650000 -0.000000 0.000000 2163932.650000 -2163932.650000 2163932.650000 0.000000
3181 0.005000 -0.000000 0.000000 0.000000 0.000000 2163932.650000 2163932.650000 -0.000000 0.000000 2163932.650000 -2163932.650000 2163932.650000 0.000000
3241 0.005000 0.000000 0.000000 0.000000 0.000000 2163932.650000 2163932.650000 -0.000000 0.000000 2163932.650000 -2163932.650000 2163932.650000 0.000000
3301 0.005000 0.000000 0.000000 0.000000 0.000000 2163932.650000 2163932.650000 -0.000000 0.000000 2163932.650000 -2163932.650000 2163932.650000 0.000000
3361 0.005000 0.000000 0.000000 0.000000 0.000000 2163932.650000 2163932.650000 -0.000000 0.000000 2163932.650000 -2163932.650000 2163932.650000 0.000000
3421 0.005000 -0.000000 0.000000 0.000000 0.000000 2163932.650000 2163932.650000 -0.000000 0.000000 2163932.650000 -2163932.650000 2163932.650000 0.000000
3481 0.005000 0.000000 0.000000 0.000000 0.000000 2163932.650000 2163932.650000 -0.000000 0.000000 2163932.650000 -2163932.650000 2163932.650000 0.000000
3541 0.005000 -0.000000 0.000000 0.000000 0.000000 2163932.650000 2163932.650000 -0.000000 0.000000 2163932.650000 -2163932.650000 2163932.650000 0.000000
