IT_NO UNEMPLOYMENT_RATE LABOUR_TAX_RATE CAPITAL_TAX_RATE GOV_GENERAL_BENEFIT_RATE LABOUR_TAX_INCOME CAPITAL_TAX_INCOME CENTRALBANK_INCOME UNEMPLOYMENT_BENEFITS GENERAL_BENEFITS LIQUIDITY DEBT
1 0.100000 0.200000 0.200000 0.300000 0.000000 0.000000 43278.653000 0.000000 0.000000 43278.653000 0.000000
61 0.139750 0.200000 0.200000 0.300000 21049.000000 0.000000 9889.039848 6581.852530 35996.611518 31638.228800 0.000000
121 0.236625 0.200000 0.200000 0.300000 18616.000000 1.710424 9736.983632 11522.500000 36000.000000 12470.422856 0.000000
181 0.295000 0.200000 0.200000 0.300000 17074.000000 0.000000 9528.564862 16147.500000 36000.000000 -13074.512281 0.000000
241 0.324125 0.200000 0.200000 0.300000 16325.000000 0.000000 9319.493088 18605.000000 36000.000000 -42035.019193 0.000000
301 0.354000 0.200000 0.200000 0.300000 15583.000000 6.874439 9104.698535 20445.000000 36000.000000 -73785.446219 0.000000
361 0.406500 0.200000 0.200000 0.300000 14271.000000 11.137974 8902.709943 23272.500000 36000.000000 -109873.098302 0.000000
421 0.594625 0.200000 0.200000 0.300000 9744.000000 0.000000 87208.079228 31877.500000 36000.000000 -80798.519074 0.000000
481 0.784875 0.200000 0.200000 0.300000 5164.000000 6.564856 89286.600542 43285.000000 36000.000000 -65626.353676 0.000000
541 0.940125 0.200000 0.200000 0.300000 1445.000000 5.726159 90623.028469 53282.500000 36000.000000 -62835.099048 0.000000
601 0.941625 0.200000 0.200000 0.300000 1406.000000 17.080180 91085.514776 56455.000000 36000.000000 -62781.504092 0.000000
661 0.942625 0.200000 0.200000 0.300000 1387.000000 1.043664 91125.467203 56512.500000 36000.000000 -62780.493225 0.000000
721 0.943250 0.200000 0.200000 0.300000 1372.000000 2.043664 91177.186381 56557.500000 36000.000000 -62786.763180 0.000000
781 0.944125 0.200000 0.200000 0.300000 1351.000000 23.547414 91235.823821 56605.000000 36000.000000 -62781.391945 0.000000
841 0.945250 0.200000 0.200000 0.300000 1322.000000 0.043664 9129.876813 56672.500000 36000.000000 -145001.971468 0.000000
901 0.945875 0.200000 0.200000 0.300000 1299.000000 3.171969 8725.428934 56740.000000 36000.000000 -227714.370565 0.000000
961 0.947250 0.200000 0.200000 0.300000 1281.000000 114.586853 8309.267005 56770.000000 36000.000000 -310779.516707 0.000000
1021 0.953875 0.200000 0.200000 0.300000 1171.000000 90.318381 7891.757072 56940.000000 36000.000000 -394566.441254 0.000000
1081 0.954500 0.200000 0.200000 0.300000 1096.000000 159.586853 7470.724580 57247.500000 36000.000000 -479087.629820 0.000000
1141 0.954750 0.200000 0.200000 0.300000 1087.000000 2.972234 7048.666506 57277.500000 36000.000000 -564226.491080 0.000000
1201 0.954750 0.200000 0.200000 0.300000 1086.000000 81.586853 6623.139908 57285.000000 36000.000000 -649720.764319 0.000000
1261 0.954750 0.200000 0.200000 0.300000 1086.000000 216.586853 6198.665834 57285.000000 36000.000000 -735504.511631 0.000000
1321 0.954750 0.200000 0.200000 0.300000 1086.000000 114.586853 5770.497097 57285.000000 36000.000000 -821818.427681 0.000000
1381 0.954750 0.200000 0.200000 0.300000 1086.000000 191.580181 5340.843091 57285.000000 36000.000000 -908485.004409 0.000000
1441 0.954750 0.200000 0.200000 0.300000 1086.000000 108.335185 4908.551550 57285.000000 36000.000000 -995667.117673 0.000000
1501 0.954750 0.200000 0.200000 0.300000 1086.000000 185.328513 4472.555540 57285.000000 36000.000000 -1083208.233620 0.000000
1561 0.954750 0.200000 0.200000 0.300000 1086.000000 95.831849 4036.880197 57285.000000 36000.000000 -1171274.521574 0.000000
1621 0.954750 0.200000 0.200000 0.300000 1086.000000 185.328513 3595.802532 57285.000000 36000.000000 -1259692.390528 0.000000
1681 0.954750 0.200000 0.200000 0.300000 1086.000000 95.831849 3154.309412 57285.000000 36000.000000 -1348641.249267 0.000000
1741 0.954750 0.200000 0.200000 0.300000 1086.000000 179.076845 2709.657787 57285.000000 36000.000000 -1437951.514635 0.000000
1801 0.954750 0.200000 0.200000 0.300000 1086.000000 95.831849 2263.730797 57285.000000 36000.000000 -1527790.951988 0.000000
1861 0.954750 0.200000 0.200000 0.300000 1086.000000 179.076845 1813.909273 57285.000000 36000.000000 -1617996.965869 0.000000
1921 0.954750 0.200000 0.200000 0.300000 1086.000000 95.831849 1363.503541 57285.000000 36000.000000 -1708736.630478 0.000000
1981 0.954750 0.200000 0.200000 0.300000 1086.000000 179.076845 909.180881 57285.000000 36000.000000 -1799847.372752 0.000000
2041 0.954750 0.200000 0.200000 0.300000 1086.000000 95.831849 454.251507 57285.000000 36000.000000 -1891496.289396 0.000000
2101 0.954750 0.200000 0.200000 0.300000 1086.000000 179.076845 70.588176 57285.000000 36000.000000 -1983445.624375 0.000000
2161 0.954750 0.200000 0.200000 0.300000 1086.000000 95.831849 0.000000 57285.000000 36000.000000 -2075548.792525 0.000000
2221 0.954750 0.200000 0.200000 0.300000 1086.000000 179.076845 0.000000 57285.000000 36000.000000 -2167568.715680 0.000000
2281 0.954750 0.200000 0.200000 0.300000 1086.000000 95.831849 0.000000 57285.000000 36000.000000 -2259671.883830 0.000000
2341 0.954750 0.200000 0.200000 0.300000 1086.000000 179.076845 0.000000 57285.000000 36000.000000 -2351691.806985 0.000000
2401 0.954750 0.200000 0.200000 0.300000 1086.000000 95.831849 0.000000 57285.000000 36000.000000 -2443794.975136 0.000000
2461 0.954750 0.200000 0.200000 0.300000 1086.000000 179.076845 0.000000 57285.000000 36000.000000 -2535814.898290 0.000000
2521 0.954750 0.200000 0.200000 0.300000 1086.000000 95.831849 0.000000 57285.000000 36000.000000 -2627918.066441 0.000000
2581 0.954750 0.200000 0.200000 0.300000 1086.000000 179.076845 0.000000 57285.000000 36000.000000 -2719937.989595 0.000000
2641 0.954750 0.200000 0.200000 0.300000 1086.000000 95.831849 0.000000 57285.000000 36000.000000 -2812041.157746 0.000000
2701 0.954750 0.200000 0.200000 0.300000 1086.000000 179.076845 0.000000 57285.000000 36000.000000 -2904061.080900 0.000000
2761 0.954750 0.200000 0.200000 0.300000 1086.000000 95.831849 0.000000 57285.000000 36000.000000 -2996164.249051 0.000000
2821 0.954750 0.200000 0.200000 0.300000 1086.000000 179.076845 0.000000 57285.000000 36000.000000 -3088184.172206 0.000000
2881 0.954750 0.200000 0.200000 0.300000 1086.000000 95.831849 0.000000 57285.000000 36000.000000 -3180287.340356 0.000000
2941 0.954750 0.200000 0.200000 0.300000 1086.000000 179.076845 0.000000 57285.000000 36000.000000 -3272307.263511 0.000000
3001 0.954750 0.200000 0.200000 0.300000 1086.000000 95.831849 0.000000 57285.000000 36000.000000 -3364410.431661 0.000000
3061 0.954750 0.200000 0.200000 0.300000 1086.000000 179.076845 0.000000 57285.000000 36000.000000 -3456430.354816 0.000000
3121 0.954750 0.200000 0.200000 0.300000 1086.000000 95.831849 0.000000 57285.000000 36000.000000 -3548533.522966 0.000000
3181 0.954750 0.200000 0.200000 0.300000 1086.000000 179.076845 0.000000 57285.000000 36000.000000 -3640553.446121 0.000000
3241 0.954750 0.200000 0.200000 0.300000 1086.000000 95.831849 0.000000 57285.000000 36000.000000 -3732656.614272 0.000000
3301 0.954750 0.200000 0.200000 0.300000 1086.000000 179.076845 0.000000 57285.000000 36000.000000 -3824676.537426 0.000000
3361 0.954750 0.200000 0.200000 0.300000 1086.000000 95.831849 0.000000 57285.000000 36000.000000 -3916779.705577 0.000000
3421 0.954750 0.200000 0.200000 0.300000 1086.000000 179.076845 0.000000 57285.000000 36000.000000 -4008799.628731 0.000000
3481 0.954750 0.200000 0.200000 0.300000 1086.000000 95.831849 0.000000 57285.000000 36000.000000 -4100902.796882 0.000000
3541 0.954750 0.200000 0.200000 0.300000 1086.000000 179.076845 0.000000 57285.000000 36000.000000 -4192922.720036 0.000000
