IT_NO TRANSACTION_QUANTITY AVG_GOODS_PRICE
5 2581656 0.002842
10 2588856 0.002842
15 2583025 0.002842
20 3172794 0.002842
25 1846100 0.003670
30 1840402 0.003685
35 1732528 0.003914
40 1740419 0.004729
45 1470064 0.004382
50 1457154 0.004376
55 1452673 0.004390
60 1486444 0.004391
65 1478272 0.004015
70 1485178 0.004001
75 1474488 0.004030
80 1447659 0.004105
85 1518036 0.003868
90 1523517 0.003859
95 1527427 0.003849
100 1507162 0.003901
105 1525566 0.003808
110 1523004 0.003819
115 1520969 0.003824
120 1502781 0.003871
125 1552254 0.003715
130 1543523 0.003739
135 1531688 0.003768
140 1505738 0.003833
145 1411986 0.004008
150 1416302 0.004001
155 1394262 0.004064
160 1384105 0.004094
165 1376802 0.004080
170 1385070 0.004061
175 1385096 0.004061
180 1363828 0.004124
185 1389999 0.004012
190 1401816 0.003984
195 1377405 0.004055
200 1355230 0.004121
205 1338284 0.004186
210 1347887 0.004164
215 1343188 0.004178
220 1341444 0.004184
225 1345728 0.004190
230 1352236 0.004176
235 1346951 0.004193
240 1319668 0.004279
245 1337893 0.004243
250 1344030 0.004231
255 1335555 0.004258
260 1312587 0.004332
265 1281768 0.004450
270 1290436 0.004429
275 1285451 0.004445
280 1273086 0.004489
285 1271466 0.004507
290 1282561 0.004477
295 1269881 0.004521
300 1253871 0.004579
305 1276214 0.004517
310 1287794 0.004485
315 1274878 0.004530
320 1260638 0.004581
325 1153489 0.004963
330 1163144 0.004932
335 1155810 0.004962
340 1147132 0.004999
345 1138608 0.005008
350 1150064 0.004968
355 1147637 0.004979
360 1137257 0.005025
365 1141364 0.004977
370 1187834 0.004793
375 1169319 0.004867
380 53090 0.005704
385 875698 0.006109
390 964344 0.005572
395 964048 0.005572
400 274910 0.005626
405 821408 0.006146
410 909766 0.005572
415 910069 0.005570
420 437757 0.005605
425 708451 0.006670
430 783083 0.006058
435 72466 0.006062
440 0 0.006062
445 572929 0.007282
450 692164 0.006053
455 298907 0.006069
460 0 0.006069
465 494891 0.007476
470 614886 0.006048
475 454223 0.006069
480 0 0.006069
485 332000 0.008146
490 0 0.008146
495 0 0.008146
500 0 0.008146
505 332000 0.008785
510 0 0.008785
515 0 0.008785
520 0 0.008785
525 332000 0.008785
530 0 0.008785
535 0 0.008785
540 0 0.008785
545 320957 0.008879
550 11043 0.006050
555 0 0.006050
560 0 0.006050
565 332000 0.008785
570 0 0.008785
575 0 0.008785
580 0 0.008785
585 332000 0.008785
590 0 0.008785
595 0 0.008785
600 0 0.008785
605 332000 0.008785
610 0 0.008785
615 0 0.008785
620 0 0.008785
625 332000 0.008785
630 0 0.008785
635 0 0.008785
640 0 0.008785
645 332000 0.008785
650 0 0.008785
655 0 0.008785
660 0 0.008785
665 332000 0.008785
670 0 0.008785
675 0 0.008785
680 0 0.008785
685 332000 0.008785
690 0 0.008785
695 0 0.008785
700 0 0.008785
705 332000 0.008785
710 0 0.008785
715 0 0.008785
720 0 0.008785
725 332000 0.008785
730 0 0.008785
735 0 0.008785
740 0 0.008785
745 332000 0.008785
750 0 0.008785
755 0 0.008785
760 0 0.008785
765 332000 0.008785
770 0 0.008785
775 0 0.008785
780 0 0.008785
785 332000 0.006321
790 0 0.006321
795 0 0.006321
800 0 0.006321
805 332000 0.006321
810 0 0.006321
815 0 0.006321
820 0 0.006321
825 332000 0.006321
830 0 0.006321
835 0 0.006321
840 0 0.006321
845 332000 0.006321
850 0 0.006321
855 0 0.006321
860 0 0.006321
865 332000 0.006321
870 0 0.006321
875 0 0.006321
880 0 0.006321
885 332000 0.006321
890 0 0.006321
895 0 0.006321
900 0 0.006321
905 332000 0.006321
910 0 0.006321
915 0 0.006321
920 0 0.006321
925 332000 0.006321
930 0 0.006321
935 0 0.006321
940 0 0.006321
945 332000 0.006321
950 0 0.006321
955 0 0.006321
960 0 0.006321
965 332000 0.006321
970 0 0.006321
975 0 0.006321
980 0 0.006321
985 332000 0.006321
990 0 0.006321
995 0 0.006321
1000 0 0.006321
1005 332000 0.006321
1010 0 0.006321
1015 0 0.006321
1020 0 0.006321
1025 332000 0.006321
1030 0 0.006321
1035 0 0.006321
1040 0 0.006321
1045 332000 0.006321
1050 0 0.006321
1055 0 0.006321
1060 0 0.006321
1065 332000 0.006321
1070 0 0.006321
1075 0 0.006321
1080 0 0.006321
1085 332000 0.006321
1090 0 0.006321
1095 0 0.006321
1100 0 0.006321
1105 332000 0.006321
1110 0 0.006321
1115 0 0.006321
1120 0 0.006321
1125 332000 0.006321
1130 0 0.006321
1135 0 0.006321
1140 0 0.006321
1145 332000 0.006321
1150 0 0.006321
1155 0 0.006321
1160 0 0.006321
1165 332000 0.006321
1170 0 0.006321
1175 0 0.006321
1180 0 0.006321
1185 332000 0.006321
1190 0 0.006321
1195 0 0.006321
1200 0 0.006321
1205 332000 0.006321
1210 0 0.006321
1215 0 0.006321
1220 0 0.006321
1225 332000 0.006321
1230 0 0.006321
1235 0 0.006321
1240 0 0.006321
1245 332000 0.006321
1250 0 0.006321
1255 0 0.006321
1260 0 0.006321
1265 332000 0.006321
1270 0 0.006321
1275 0 0.006321
1280 0 0.006321
1285 332000 0.006321
1290 0 0.006321
1295 0 0.006321
1300 0 0.006321
1305 332000 0.006321
1310 0 0.006321
1315 0 0.006321
1320 0 0.006321
1325 332000 0.006321
1330 0 0.006321
1335 0 0.006321
1340 0 0.006321
1345 332000 0.006321
1350 0 0.006321
1355 0 0.006321
1360 0 0.006321
1365 332000 0.006321
1370 0 0.006321
1375 0 0.006321
1380 0 0.006321
1385 332000 0.006321
1390 0 0.006321
1395 0 0.006321
1400 0 0.006321
1405 332000 0.006321
1410 0 0.006321
1415 0 0.006321
1420 0 0.006321
1425 332000 0.006321
1430 0 0.006321
1435 0 0.006321
1440 0 0.006321
1445 332000 0.006321
1450 0 0.006321
1455 0 0.006321
1460 0 0.006321
1465 332000 0.006321
1470 0 0.006321
1475 0 0.006321
1480 0 0.006321
1485 332000 0.006321
1490 0 0.006321
1495 0 0.006321
1500 0 0.006321
1505 332000 0.006321
1510 0 0.006321
1515 0 0.006321
1520 0 0.006321
1525 332000 0.006321
1530 0 0.006321
1535 0 0.006321
1540 0 0.006321
1545 332000 0.006321
1550 0 0.006321
1555 0 0.006321
1560 0 0.006321
1565 332000 0.006321
1570 0 0.006321
1575 0 0.006321
1580 0 0.006321
1585 332000 0.006321
1590 0 0.006321
1595 0 0.006321
1600 0 0.006321
1605 332000 0.006321
1610 0 0.006321
1615 0 0.006321
1620 0 0.006321
1625 332000 0.006321
1630 0 0.006321
1635 0 0.006321
1640 0 0.006321
1645 332000 0.006321
1650 0 0.006321
1655 0 0.006321
1660 0 0.006321
1665 332000 0.006321
1670 0 0.006321
1675 0 0.006321
1680 0 0.006321
1685 332000 0.006321
1690 0 0.006321
1695 0 0.006321
1700 0 0.006321
1705 332000 0.006321
1710 0 0.006321
1715 0 0.006321
1720 0 0.006321
1725 332000 0.006321
1730 0 0.006321
1735 0 0.006321
1740 0 0.006321
1745 332000 0.006321
1750 0 0.006321
1755 0 0.006321
1760 0 0.006321
1765 332000 0.006321
1770 0 0.006321
1775 0 0.006321
1780 0 0.006321
1785 332000 0.006321
1790 0 0.006321
1795 0 0.006321
1800 0 0.006321
1805 332000 0.006321
1810 0 0.006321
1815 0 0.006321
1820 0 0.006321
1825 332000 0.006321
1830 0 0.006321
1835 0 0.006321
1840 0 0.006321
1845 332000 0.006321
1850 0 0.006321
1855 0 0.006321
1860 0 0.006321
1865 332000 0.006321
1870 0 0.006321
1875 0 0.006321
1880 0 0.006321
1885 332000 0.006321
1890 0 0.006321
1895 0 0.006321
1900 0 0.006321
1905 332000 0.006321
1910 0 0.006321
1915 0 0.006321
1920 0 0.006321
1925 332000 0.006321
1930 0 0.006321
1935 0 0.006321
1940 0 0.006321
1945 332000 0.006321
1950 0 0.006321
1955 0 0.006321
1960 0 0.006321
1965 332000 0.006321
1970 0 0.006321
1975 0 0.006321
1980 0 0.006321
1985 332000 0.006321
1990 0 0.006321
1995 0 0.006321
2000 0 0.006321
2005 332000 0.006321
2010 0 0.006321
2015 0 0.006321
2020 0 0.006321
2025 332000 0.006321
2030 0 0.006321
2035 0 0.006321
2040 0 0.006321
2045 332000 0.006321
2050 0 0.006321
2055 0 0.006321
2060 0 0.006321
2065 332000 0.006321
2070 0 0.006321
2075 0 0.006321
2080 0 0.006321
2085 332000 0.006321
2090 0 0.006321
2095 0 0.006321
2100 0 0.006321
2105 332000 0.006321
2110 0 0.006321
2115 0 0.006321
2120 0 0.006321
2125 332000 0.006321
2130 0 0.006321
2135 0 0.006321
2140 0 0.006321
2145 332000 0.006321
2150 0 0.006321
2155 0 0.006321
2160 0 0.006321
2165 332000 0.006321
2170 0 0.006321
2175 0 0.006321
2180 0 0.006321
2185 332000 0.006321
2190 0 0.006321
2195 0 0.006321
2200 0 0.006321
2205 332000 0.006321
2210 0 0.006321
2215 0 0.006321
2220 0 0.006321
2225 332000 0.006321
2230 0 0.006321
2235 0 0.006321
2240 0 0.006321
2245 332000 0.006321
2250 0 0.006321
2255 0 0.006321
2260 0 0.006321
2265 332000 0.006321
2270 0 0.006321
2275 0 0.006321
2280 0 0.006321
2285 332000 0.006321
2290 0 0.006321
2295 0 0.006321
2300 0 0.006321
2305 332000 0.006321
2310 0 0.006321
2315 0 0.006321
2320 0 0.006321
2325 332000 0.006321
2330 0 0.006321
2335 0 0.006321
2340 0 0.006321
2345 332000 0.006321
2350 0 0.006321
2355 0 0.006321
2360 0 0.006321
2365 332000 0.006321
2370 0 0.006321
2375 0 0.006321
2380 0 0.006321
2385 332000 0.006321
2390 0 0.006321
2395 0 0.006321
2400 0 0.006321
2405 332000 0.006321
2410 0 0.006321
2415 0 0.006321
2420 0 0.006321
2425 332000 0.006321
2430 0 0.006321
2435 0 0.006321
2440 0 0.006321
2445 332000 0.006321
2450 0 0.006321
2455 0 0.006321
2460 0 0.006321
2465 332000 0.006321
2470 0 0.006321
2475 0 0.006321
2480 0 0.006321
2485 332000 0.006321
2490 0 0.006321
2495 0 0.006321
2500 0 0.006321
2505 332000 0.006321
2510 0 0.006321
2515 0 0.006321
2520 0 0.006321
2525 332000 0.006321
2530 0 0.006321
2535 0 0.006321
2540 0 0.006321
2545 332000 0.006321
2550 0 0.006321
2555 0 0.006321
2560 0 0.006321
2565 332000 0.006321
2570 0 0.006321
2575 0 0.006321
2580 0 0.006321
2585 332000 0.006321
2590 0 0.006321
2595 0 0.006321
2600 0 0.006321
2605 332000 0.006321
2610 0 0.006321
2615 0 0.006321
2620 0 0.006321
2625 332000 0.006321
2630 0 0.006321
2635 0 0.006321
2640 0 0.006321
2645 332000 0.006321
2650 0 0.006321
2655 0 0.006321
2660 0 0.006321
2665 332000 0.006321
2670 0 0.006321
2675 0 0.006321
2680 0 0.006321
2685 332000 0.006321
2690 0 0.006321
2695 0 0.006321
2700 0 0.006321
2705 332000 0.006321
2710 0 0.006321
2715 0 0.006321
2720 0 0.006321
2725 332000 0.006321
2730 0 0.006321
2735 0 0.006321
2740 0 0.006321
2745 332000 0.006321
2750 0 0.006321
2755 0 0.006321
2760 0 0.006321
2765 332000 0.006321
2770 0 0.006321
2775 0 0.006321
2780 0 0.006321
2785 332000 0.006321
2790 0 0.006321
2795 0 0.006321
2800 0 0.006321
2805 332000 0.006321
2810 0 0.006321
2815 0 0.006321
2820 0 0.006321
2825 332000 0.006321
2830 0 0.006321
2835 0 0.006321
2840 0 0.006321
2845 332000 0.006321
2850 0 0.006321
2855 0 0.006321
2860 0 0.006321
2865 332000 0.006321
2870 0 0.006321
2875 0 0.006321
2880 0 0.006321
2885 332000 0.006321
2890 0 0.006321
2895 0 0.006321
2900 0 0.006321
2905 332000 0.006321
2910 0 0.006321
2915 0 0.006321
2920 0 0.006321
2925 332000 0.006321
2930 0 0.006321
2935 0 0.006321
2940 0 0.006321
2945 332000 0.006321
2950 0 0.006321
2955 0 0.006321
2960 0 0.006321
2965 332000 0.006321
2970 0 0.006321
2975 0 0.006321
2980 0 0.006321
2985 332000 0.006321
2990 0 0.006321
2995 0 0.006321
3000 0 0.006321
3005 332000 0.006321
3010 0 0.006321
3015 0 0.006321
3020 0 0.006321
3025 332000 0.006321
3030 0 0.006321
3035 0 0.006321
3040 0 0.006321
3045 332000 0.006321
3050 0 0.006321
3055 0 0.006321
3060 0 0.006321
3065 332000 0.006321
3070 0 0.006321
3075 0 0.006321
3080 0 0.006321
3085 332000 0.006321
3090 0 0.006321
3095 0 0.006321
3100 0 0.006321
3105 332000 0.006321
3110 0 0.006321
3115 0 0.006321
3120 0 0.006321
3125 332000 0.006321
3130 0 0.006321
3135 0 0.006321
3140 0 0.006321
3145 332000 0.006321
3150 0 0.006321
3155 0 0.006321
3160 0 0.006321
3165 332000 0.006321
3170 0 0.006321
3175 0 0.006321
3180 0 0.006321
3185 332000 0.006321
3190 0 0.006321
3195 0 0.006321
3200 0 0.006321
3205 332000 0.006321
3210 0 0.006321
3215 0 0.006321
3220 0 0.006321
3225 332000 0.006321
3230 0 0.006321
3235 0 0.006321
3240 0 0.006321
3245 332000 0.006321
3250 0 0.006321
3255 0 0.006321
3260 0 0.006321
3265 332000 0.006321
3270 0 0.006321
3275 0 0.006321
3280 0 0.006321
3285 332000 0.006321
3290 0 0.006321
3295 0 0.006321
3300 0 0.006321
3305 332000 0.006321
3310 0 0.006321
3315 0 0.006321
3320 0 0.006321
3325 332000 0.006321
3330 0 0.006321
3335 0 0.006321
3340 0 0.006321
3345 332000 0.006321
3350 0 0.006321
3355 0 0.006321
3360 0 0.006321
3365 332000 0.006321
3370 0 0.006321
3375 0 0.006321
3380 0 0.006321
3385 332000 0.006321
3390 0 0.006321
3395 0 0.006321
3400 0 0.006321
3405 332000 0.006321
3410 0 0.006321
3415 0 0.006321
3420 0 0.006321
3425 332000 0.006321
3430 0 0.006321
3435 0 0.006321
3440 0 0.006321
3445 332000 0.006321
3450 0 0.006321
3455 0 0.006321
3460 0 0.006321
3465 332000 0.006321
3470 0 0.006321
3475 0 0.006321
3480 0 0.006321
3485 332000 0.006321
3490 0 0.006321
3495 0 0.006321
3500 0 0.006321
3505 332000 0.006321
3510 0 0.006321
3515 0 0.006321
3520 0 0.006321
3525 332000 0.006321
3530 0 0.006321
3535 0 0.006321
3540 0 0.006321
3545 332000 0.006321
3550 0 0.006321
3555 0 0.006321
3560 0 0.006321
3565 332000 0.006321
3570 0 0.006321
3575 0 0.006321
3580 0 0.006321
3585 332000 0.006321
3590 0 0.006321
3595 0 0.006321
3600 0 0.006321
