IT_NO ID NO_EMPLOYEES EMPLOYEES_NEEDED INVENTORY PRODUCTION_PLAN
1 1 20 22 2 16
1 2 20 24 2 17
1 3 20 18 2 13
1 4 20 18 2 13
1 5 20 28 2 20
1 6 20 24 2 17
1 7 20 25 2 18
1 8 20 25 2 18
1 9 20 20 2 14
1 10 20 27 2 19
1 11 20 27 2 19
1 12 20 7 2 5
1 13 20 27 2 19
1 14 20 17 2 12
1 15 20 14 2 10
1 16 20 24 2 17
1 17 20 22 2 16
1 18 20 25 2 18
1 19 20 25 2 18
1 20 20 24 2 17
1 21 20 22 2 16
1 22 20 28 2 20
1 23 20 24 2 17
1 24 20 14 2 10
1 25 20 27 2 19
1 26 20 28 2 20
1 27 20 22 2 16
1 28 20 28 2 20
1 29 20 12 2 9
1 30 20 25 2 18
21 29 12 20 3 14
21 24 14 28 3 20
21 15 14 15 4 11
21 14 17 18 4 13
21 12 7 22 2 16
21 4 18 18 3 13
21 3 18 15 4 11
21 9 20 20 4 14
21 1 20 22 3 16
21 2 20 27 4 19
21 5 20 14 3 10
21 6 20 22 2 16
21 7 20 20 4 14
21 8 20 20 4 14
21 10 20 25 4 18
21 11 20 28 2 20
21 13 20 25 3 18
21 16 20 17 4 12
21 17 20 14 3 10
21 18 20 17 2 12
21 19 20 25 3 18
21 20 20 15 4 11
21 21 20 18 4 13
21 22 20 25 1 18
21 23 20 22 2 16
21 25 20 22 2 16
21 26 20 25 1 18
21 27 20 18 1 13
21 28 20 24 1 17
21 30 20 12 2 9
41 30 12 4 2 3
41 27 18 5 2 4
41 21 18 15 6 11
41 20 15 8 6 6
41 18 17 14 3 10
41 17 14 1 4 1
41 16 17 11 6 8
41 5 14 8 4 6
41 3 15 10 5 7
41 8 20 11 6 8
41 7 20 5 6 4
41 9 20 1 6 1
41 4 18 10 5 7
41 29 12 4 4 3
41 24 14 2 3 2
41 15 14 7 4 5
41 14 17 8 5 6
41 12 7 4 3 3
41 1 20 15 5 11
41 2 20 2 6 2
41 6 20 1 4 1
41 10 20 1 6 1
41 11 20 5 4 4
41 13 20 1 4 1
41 19 20 14 2 10
41 22 20 10 2 7
41 23 20 10 0 7
41 25 20 4 2 3
41 26 20 4 1 3
41 28 20 1 1 1
61 27 5 2 3 2
61 20 8 7 7 5
61 18 14 7 4 5
61 17 1 5 4 4
61 16 11 7 7 5
61 5 8 2 5 2
61 8 11 4 7 3
61 7 5 8 7 6
61 9 1 11 6 8
61 29 4 8 4 6
61 24 2 8 4 6
61 14 8 5 6 4
61 12 4 4 3 3
61 1 15 2 6 2
61 6 1 2 4 2
61 10 1 12 6 9
61 11 5 7 5 5
61 13 1 8 4 6
61 25 4 8 3 6
61 23 10 2 1 2
61 30 4 10 2 7
61 21 15 12 7 9
61 3 10 2 5 2
61 4 10 2 6 2
61 15 7 7 5 5
61 2 2 8 6 6
61 22 10 2 2 2
61 28 1 1 0 1
61 26 4 1 0 3
61 19 14 1 0 10
81 19 1 24 0 17
81 26 1 21 0 15
81 22 2 25 2 18
81 4 2 15 6 11
81 3 2 28 5 20
81 21 12 22 8 16
81 23 2 14 2 10
81 1 2 25 7 18
81 14 5 18 6 13
81 8 4 17 8 12
81 5 2 17 6 12
81 16 7 27 8 19
81 18 7 21 5 15
81 20 7 12 8 9
81 27 2 20 4 14
81 28 1 22 0 16
81 15 7 28 6 20
81 12 4 7 3 5
81 17 1 25 4 18
81 7 5 17 7 12
81 9 1 21 6 15
81 29 4 28 5 20
81 24 2 20 4 14
81 6 1 22 4 16
81 10 1 25 6 18
81 11 5 21 6 15
81 13 1 21 4 15
81 25 4 15 4 11
81 30 4 18 2 13
81 2 2 24 7 17
101 19 1 21 0 15
101 26 1 21 0 15
101 22 2 11 3 8
101 4 2 14 7 10
101 3 2 12 6 9
101 21 12 15 9 11
101 23 2 24 2 17
101 1 2 15 7 11
101 14 5 11 7 8
101 8 4 20 9 14
101 5 2 18 6 13
101 16 7 20 9 14
101 18 7 11 6 8
101 20 7 7 9 5
101 27 2 15 4 11
101 28 1 24 0 17
101 15 7 25 7 18
101 12 4 17 4 12
101 17 1 20 4 14
101 7 5 17 8 12
101 9 1 20 6 14
101 29 4 25 6 18
101 24 2 12 5 9
101 6 1 15 4 11
101 10 1 20 6 14
101 11 5 12 6 9
101 13 1 22 4 16
101 25 4 18 5 13
101 30 4 21 3 15
101 2 2 27 7 19
121 13 1 18 4 13
121 11 5 18 7 13
121 10 1 27 6 19
121 6 1 21 4 15
121 24 2 12 5 9
121 29 4 28 6 20
121 9 1 18 6 13
121 7 5 8 9 6
121 17 1 21 4 15
121 12 4 21 5 15
121 27 2 12 4 9
121 18 7 22 7 16
121 16 7 28 9 20
121 5 2 22 7 16
121 8 4 17 10 12
121 14 5 11 7 8
121 1 2 14 8 10
121 22 2 15 3 11
121 20 7 25 9 18
121 19 1 18 0 13
121 26 1 22 0 16
121 4 2 28 7 20
121 3 2 20 6 14
121 21 12 21 10 15
121 23 2 14 3 10
121 28 1 14 0 10
121 15 7 7 8 5
121 25 4 21 6 15
121 30 4 12 4 9
121 2 2 22 7 16
141 15 7 12 8 9
141 13 1 17 4 12
141 11 5 22 8 16
141 10 1 22 6 16
141 6 1 28 4 20
141 24 2 17 5 12
141 29 4 21 6 15
141 9 1 22 6 16
141 7 5 10 9 7
141 17 1 17 4 12
141 12 4 15 5 11
141 27 2 25 5 18
141 18 7 25 8 18
141 16 7 11 10 8
141 5 2 15 7 11
141 8 4 22 10 16
141 14 5 27 8 19
141 1 2 22 8 16
141 22 2 27 3 19
141 20 7 28 9 20
141 19 1 20 0 14
141 26 1 14 0 10
141 4 2 21 7 15
141 3 2 27 6 19
141 21 12 11 11 8
141 23 2 11 3 8
141 28 1 15 0 11
141 25 4 18 7 13
141 30 4 14 4 10
141 2 2 17 8 12
161 21 11 20 12 14
161 15 7 24 9 17
161 13 1 20 4 14
161 11 5 15 8 11
161 10 1 18 6 13
161 6 1 27 4 19
161 24 2 8 5 6
161 29 4 10 7 7
161 9 1 28 6 20
161 7 5 12 10 9
161 17 1 27 4 19
161 12 4 15 5 11
161 27 2 12 5 9
161 18 7 12 8 9
161 16 7 20 11 14
161 5 2 21 7 15
161 8 4 14 11 10
161 14 5 20 8 14
161 1 2 12 8 9
161 22 2 10 3 7
161 20 7 21 10 15
161 19 1 21 0 15
161 26 1 22 0 16
161 4 2 28 8 20
161 3 2 18 7 13
161 23 2 15 3 11
161 28 1 12 0 9
161 25 4 17 7 12
161 30 4 25 4 18
161 2 2 24 8 17
181 2 2 15 8 11
181 30 4 20 4 14
181 28 1 18 0 13
181 3 2 12 7 9
181 4 2 17 8 12
181 26 1 24 0 17
181 19 1 25 0 18
181 20 7 17 10 12
181 22 2 17 4 12
181 1 2 27 9 19
181 14 5 7 9 5
181 8 4 18 11 13
181 5 2 12 8 9
181 16 7 28 11 20
181 18 7 20 9 14
181 27 2 25 5 18
181 12 4 10 5 7
181 17 1 24 4 17
181 7 5 18 10 13
181 9 1 24 6 17
181 29 4 25 7 18
181 24 2 8 6 6
181 6 1 25 4 18
181 10 1 25 6 18
181 11 5 18 9 13
181 13 1 28 4 20
181 15 7 22 9 16
181 21 11 22 13 16
181 23 2 20 4 14
181 25 4 22 7 16
201 2 2 28 8 20
201 30 4 18 5 13
201 28 1 22 0 16
201 3 2 27 7 19
201 4 2 17 8 12
201 26 1 21 0 15
201 19 1 24 0 17
201 20 7 12 10 9
201 22 2 27 4 19
201 1 2 28 9 20
201 14 5 18 9 13
201 8 4 15 11 11
201 5 2 7 8 5
201 16 7 28 11 20
201 18 7 17 9 12
201 27 2 15 5 11
201 12 4 27 5 19
201 17 1 20 4 14
201 7 5 22 10 16
201 9 1 21 6 15
201 29 4 20 8 14
201 24 2 24 6 17
201 6 1 21 4 15
201 10 1 28 6 20
201 11 5 27 9 19
201 13 1 21 4 15
201 15 7 24 10 17
201 21 11 28 14 20
201 23 2 28 4 20
201 25 4 28 8 20
221 2 2 15 8 11
221 30 4 15 5 11
221 28 1 28 0 20
221 3 2 28 7 20
221 4 2 18 8 13
221 26 1 17 0 12
221 19 1 21 0 15
221 20 7 28 11 20
221 22 2 25 4 18
221 1 2 20 9 14
221 14 5 10 9 7
221 8 4 17 12 12
221 5 2 8 8 6
221 16 7 14 12 10
221 18 7 17 9 12
221 27 2 17 6 12
221 12 4 14 5 10
221 17 1 22 4 16
221 7 5 12 11 9
221 9 1 25 6 18
221 29 4 10 8 7
221 24 2 18 6 13
221 6 1 25 4 18
221 10 1 21 6 15
221 11 5 12 9 9
221 13 1 20 4 14
221 15 7 15 10 11
221 21 11 24 15 17
221 23 2 17 4 12
221 25 4 7 8 5
241 25 4 20 9 14
241 23 2 15 4 11
241 21 11 17 16 12
241 15 7 28 10 20
241 13 1 18 4 13
241 11 5 25 10 18
241 10 1 21 6 15
241 6 1 18 4 13
241 24 2 22 6 16
241 29 4 15 8 11
241 9 1 25 6 18
241 7 5 8 11 6
241 17 1 18 4 13
241 12 4 5 5 4
241 27 2 21 6 15
241 18 7 12 10 9
241 16 7 24 12 17
241 5 2 7 8 5
241 8 4 28 12 20
241 14 5 10 10 7
241 1 2 28 9 20
241 22 2 25 4 18
241 20 7 24 12 17
241 19 1 21 0 15
241 26 1 24 0 17
241 4 2 24 9 17
241 3 2 15 7 11
241 28 1 27 0 19
241 30 4 20 6 14
241 2 2 20 9 14
261 25 4 8 9 6
261 23 2 22 5 16
261 21 11 24 16 17
261 15 7 18 11 13
261 13 1 15 4 11
261 11 5 14 10 10
261 10 1 21 6 15
261 6 1 15 4 11
261 24 2 20 6 14
261 29 4 8 9 6
261 9 1 22 6 16
261 7 5 7 11 5
261 17 1 24 4 17
261 12 4 14 5 10
261 27 2 11 6 8
261 18 7 7 10 5
261 16 7 20 12 14
261 5 2 12 8 9
261 8 4 25 12 18
261 14 5 24 10 17
261 1 2 17 10 12
261 22 2 10 4 7
261 20 7 7 12 5
261 19 1 18 0 13
261 26 1 15 0 11
261 4 2 24 9 17
261 3 2 17 8 12
261 28 1 21 0 15
261 30 4 12 6 9
261 2 2 24 9 17
281 20 7 22 12 16
281 18 7 20 11 14
281 25 4 18 9 13
281 23 2 8 5 6
281 21 11 27 17 19
281 15 7 14 11 10
281 13 1 17 4 12
281 11 5 12 11 9
281 10 1 18 6 13
281 6 1 20 4 14
281 24 2 20 6 14
281 29 4 12 9 9
281 9 1 28 6 20
281 7 5 15 11 11
281 17 1 12 4 9
281 12 4 22 6 16
281 27 2 10 6 7
281 16 7 12 13 9
281 5 2 12 8 9
281 8 4 25 13 18
281 14 5 7 10 5
281 1 2 14 10 10
281 22 2 10 5 7
281 19 1 22 0 16
281 26 1 24 0 17
281 4 2 22 9 16
281 3 2 12 8 9
281 28 1 28 0 20
281 30 4 8 6 6
281 2 2 20 9 14
301 2 2 7 9 5
301 30 4 28 6 20
301 28 1 15 0 11
301 3 2 12 8 9
301 4 2 14 9 10
301 19 1 27 0 19
301 22 2 15 5 11
301 1 2 18 10 13
301 14 5 10 10 7
301 8 4 8 13 6
301 5 2 12 9 9
301 16 7 18 13 13
301 27 2 18 6 13
301 12 4 25 6 18
301 17 1 15 4 11
301 7 5 14 11 10
301 9 1 21 6 15
301 29 4 8 9 6
301 24 2 12 7 9
301 6 1 17 4 12
301 10 1 27 6 19
301 11 5 14 11 10
301 13 1 24 4 17
301 15 7 5 12 4
301 21 11 11 17 8
301 23 2 12 5 9
301 25 4 21 9 15
301 18 7 15 11 11
301 20 7 27 12 19
301 26 1 28 0 20
321 15 5 12 12 9
321 21 11 17 17 12
321 2 2 20 9 14
321 30 4 28 6 20
321 28 1 22 0 16
321 3 2 17 8 12
321 4 2 20 10 14
321 19 1 24 0 17
321 22 2 10 5 7
321 1 2 18 10 13
321 14 5 28 11 20
321 8 4 10 13 7
321 5 2 4 9 3
321 16 7 21 13 15
321 27 2 22 7 16
321 12 4 21 6 15
321 17 1 28 4 20
321 7 5 15 12 11
321 9 1 22 6 16
321 29 4 5 9 4
321 24 2 11 7 8
321 6 1 15 4 11
321 10 1 22 6 16
321 11 5 10 11 7
321 13 1 15 4 11
321 23 2 21 5 15
321 25 4 12 10 9
321 18 7 27 12 19
321 20 7 18 13 13
321 26 1 24 0 17
341 15 5 5 12 4
341 21 11 28 18 20
341 2 2 22 9 16
341 30 4 10 6 7
341 28 1 24 0 17
341 3 2 15 8 11
341 4 2 20 10 14
341 19 1 25 0 18
341 22 2 17 5 12
341 1 2 15 10 11
341 14 5 22 11 16
341 8 4 10 13 7
341 5 2 12 9 9
341 16 7 15 14 11
341 27 2 11 7 8
341 12 4 4 6 3
341 17 1 18 4 13
341 7 5 27 12 19
341 9 1 27 6 19
341 29 4 20 9 14
341 24 2 25 7 18
341 6 1 27 4 19
341 10 1 27 6 19
341 11 5 20 11 14
341 13 1 17 4 12
341 23 2 27 5 19
341 25 4 5 10 4
341 18 7 10 12 7
341 20 7 5 13 4
341 26 1 28 0 20
361 18 7 21 12 15
361 25 4 24 10 17
361 23 2 27 5 19
361 13 1 21 4 15
361 11 5 25 12 18
361 10 1 28 6 20
361 6 1 24 4 17
361 24 2 7 7 5
361 29 4 25 9 18
361 9 1 22 6 16
361 7 5 5 12 4
361 17 1 21 4 15
361 27 2 15 7 11
361 16 7 28 14 20
361 5 2 12 9 9
361 8 4 8 14 6
361 14 5 21 11 15
361 1 2 25 10 18
361 22 2 15 5 11
361 19 1 25 0 18
361 4 2 15 10 11
361 3 2 11 8 8
361 28 1 20 0 14
361 30 4 14 7 10
361 2 2 24 10 17
361 21 11 10 19 7
361 15 5 18 13 13
361 12 4 2 7 2
361 20 5 28 13 20
361 26 1 14 0 10
381 12 2 24 7 17
381 21 10 22 19 16
381 7 5 15 13 11
381 18 7 21 12 15
381 25 4 7 10 5
381 23 2 21 6 15
381 13 1 25 4 18
381 11 5 24 12 17
381 10 1 22 6 16
381 6 1 27 4 19
381 24 2 10 7 7
381 29 4 18 9 13
381 9 1 28 6 20
381 17 1 24 4 17
381 27 2 28 7 20
381 16 7 7 14 5
381 5 2 17 9 12
381 8 4 21 14 15
381 14 5 7 12 5
381 1 2 12 11 9
381 22 2 18 5 13
381 19 1 22 0 16
381 4 2 22 10 16
381 3 2 11 9 8
381 28 1 20 0 14
381 30 4 17 7 12
381 2 2 21 10 15
381 15 5 20 13 14
381 20 5 14 13 10
381 26 1 15 0 11
401 16 7 8 15 6
401 12 2 8 7 6
401 21 10 12 20 9
401 7 5 12 13 9
401 18 7 8 13 6
401 25 4 8 10 6
401 23 2 11 6 8
401 13 1 22 4 16
401 11 5 22 12 16
401 10 1 21 6 15
401 6 1 27 4 19
401 24 2 17 7 12
401 29 4 15 10 11
401 9 1 18 6 13
401 17 1 21 4 15
401 27 2 15 7 11
401 5 2 12 9 9
401 8 4 7 14 5
401 14 5 12 12 9
401 1 2 28 11 20
401 22 2 21 6 15
401 19 1 18 0 13
401 4 2 11 10 8
401 3 2 18 9 13
401 28 1 18 0 13
401 30 4 11 7 8
401 2 2 24 10 17
401 15 5 4 13 3
401 20 5 7 14 5
401 26 1 20 0 14
421 26 1 22 0 16
421 20 5 28 14 20
421 2 2 11 10 8
421 30 4 21 8 15
421 28 1 25 0 18
421 3 2 21 9 15
421 4 2 27 11 19
421 19 1 18 0 13
421 22 2 27 6 19
421 1 2 27 11 19
421 14 5 12 12 9
421 8 4 17 15 12
421 5 2 12 9 9
421 27 2 15 7 11
421 17 1 25 4 18
421 9 1 28 6 20
421 29 4 22 10 16
421 24 2 27 7 19
421 6 1 22 4 16
421 10 1 27 6 19
421 11 5 25 12 18
421 13 1 27 4 19
421 25 4 11 11 8
421 18 7 25 13 18
421 7 5 4 13 3
421 21 10 22 21 16
421 12 2 4 7 3
421 16 7 24 15 17
421 15 4 11 13 8
421 23 2 28 6 20
441 7 4 12 13 9
441 26 1 28 0 20
441 20 5 8 14 6
441 2 2 24 10 17
441 30 4 7 8 5
441 28 1 21 0 15
441 3 2 12 9 9
441 4 2 18 11 13
441 19 1 25 0 18
441 22 2 17 6 12
441 1 2 21 11 15
441 14 5 15 12 11
441 8 4 12 15 9
441 5 2 22 9 16
441 27 2 24 7 17
441 17 1 22 4 16
441 9 1 25 6 18
441 29 4 10 10 7
441 24 2 21 7 15
441 6 1 24 4 17
441 10 1 28 6 20
441 11 5 4 13 3
441 13 1 21 4 15
441 25 4 20 11 14
441 18 7 22 13 16
441 21 10 20 21 14
441 12 2 22 7 16
441 16 7 22 15 16
441 15 4 7 14 5
441 23 2 25 6 18
461 11 4 18 13 13
461 7 4 11 14 8
461 26 1 28 0 20
461 20 5 15 15 11
461 2 2 8 10 6
461 30 4 22 8 16
461 28 1 25 0 18
461 3 2 14 9 10
461 4 2 27 11 19
461 19 1 28 0 20
461 22 2 11 6 8
461 1 2 12 11 9
461 14 5 10 13 7
461 8 4 22 15 16
461 5 2 25 10 18
461 27 2 18 8 13
461 17 1 17 4 12
461 9 1 22 6 16
461 29 4 2 10 2
461 24 2 17 8 12
461 6 1 27 4 19
461 10 1 18 6 13
461 13 1 18 4 13
461 25 4 25 11 18
461 18 7 10 13 7
461 21 10 15 22 11
461 12 2 10 7 7
461 16 7 12 16 9
461 15 4 4 14 3
461 23 2 27 6 19
481 16 7 7 16 5
481 12 2 8 7 6
481 21 10 27 23 19
481 18 7 17 14 12
481 25 4 28 11 20
481 13 1 21 4 15
481 10 1 18 6 13
481 6 1 18 4 13
481 24 2 11 8 8
481 9 1 22 6 16
481 17 1 18 4 13
481 27 2 11 8 8
481 5 2 25 10 18
481 14 5 8 13 6
481 1 2 8 11 6
481 22 2 18 6 13
481 19 1 20 0 14
481 4 2 8 11 6
481 28 1 14 0 10
481 30 4 28 8 20
481 2 2 22 10 16
481 20 5 17 16 12
481 26 1 25 0 18
481 7 4 27 14 19
481 11 4 4 13 3
481 15 4 21 14 15
481 29 2 22 11 16
481 23 2 18 6 13
481 8 4 8 15 6
481 3 2 27 9 19
501 11 4 24 14 17
501 16 7 22 16 16
501 12 2 5 7 4
501 21 10 18 23 13
501 18 7 15 14 11
501 25 4 28 11 20
501 13 1 22 4 16
501 10 1 27 6 19
501 6 1 17 4 12
501 24 2 22 8 16
501 9 1 21 6 15
501 17 1 25 4 18
501 27 2 28 8 20
501 5 2 22 10 16
501 14 5 11 13 8
501 1 2 15 11 11
501 22 2 24 6 17
501 19 1 20 0 14
501 4 2 14 11 10
501 28 1 12 0 9
501 30 4 11 8 8
501 2 2 11 10 8
501 20 5 5 16 4
501 26 1 17 0 12
501 7 4 14 14 10
501 15 4 12 15 9
501 29 2 14 11 10
501 23 2 18 6 13
501 8 4 28 15 20
501 3 2 10 9 7
521 20 5 24 16 17
521 11 4 4 14 3
521 16 7 24 17 17
521 12 2 5 8 4
521 21 10 12 24 9
521 18 7 18 15 13
521 25 4 24 12 17
521 13 1 24 4 17
521 10 1 24 6 17
521 6 1 28 4 20
521 24 2 12 8 9
521 9 1 22 6 16
521 17 1 15 4 11
521 27 2 28 8 20
521 5 2 12 10 9
521 14 5 21 13 15
521 1 2 27 12 19
521 22 2 28 6 20
521 19 1 24 0 17
521 4 2 25 11 18
521 28 1 14 0 10
521 30 4 15 8 11
521 2 2 5 11 4
521 26 1 24 0 17
521 7 4 21 14 15
521 15 4 7 15 5
521 29 2 4 11 3
521 23 2 5 7 4
521 8 4 10 16 7
521 3 2 20 10 14
541 23 2 21 7 15
541 29 2 24 11 17
541 15 4 10 15 7
541 7 4 4 14 3
541 2 2 20 11 14
541 30 4 27 8 19
541 4 2 10 12 7
541 19 1 21 0 15
541 22 2 15 6 11
541 1 2 7 12 5
541 14 5 28 13 20
541 5 2 28 10 20
541 27 2 21 8 15
541 17 1 15 4 11
541 9 1 17 6 12
541 24 2 17 8 12
541 6 1 27 4 19
541 10 1 21 6 15
541 13 1 17 4 12
541 21 10 24 24 17
541 12 2 21 8 15
541 16 7 22 17 16
541 20 5 8 16 6
541 11 4 8 14 6
541 8 4 10 16 7
541 3 2 21 10 15
541 26 1 21 0 15
541 28 1 22 0 16
541 25 4 12 12 9
541 18 7 25 15 18
561 7 4 21 15 15
561 23 2 14 7 10
561 29 2 12 11 9
561 15 4 20 15 14
561 2 2 5 11 4
561 30 4 5 9 4
561 4 2 12 12 9
561 19 1 18 0 13
561 22 2 17 7 12
561 1 2 10 12 7
561 14 5 27 14 19
561 5 2 10 10 7
561 27 2 24 8 17
561 17 1 28 4 20
561 9 1 22 6 16
561 24 2 8 8 6
561 6 1 14 4 10
561 10 1 20 6 14
561 13 1 18 4 13
561 21 10 22 24 16
561 12 2 10 8 7
561 16 7 12 17 9
561 20 5 14 16 10
561 11 4 12 14 9
561 8 4 8 16 6
561 3 2 15 10 11
561 26 1 20 0 14
561 28 1 15 0 11
561 25 4 7 12 5
561 18 7 28 16 20
581 7 4 10 15 7
581 23 2 7 7 5
581 29 2 10 11 7
581 15 4 11 15 8
581 2 2 18 11 13
581 30 4 5 9 4
581 4 2 17 12 12
581 19 1 21 0 15
581 22 2 21 7 15
581 1 2 17 12 12
581 14 5 20 14 14
581 5 2 8 10 6
581 27 2 24 8 17
581 17 1 17 4 12
581 9 1 22 6 16
581 24 2 15 8 11
581 6 1 21 4 15
581 10 1 18 6 13
581 13 1 20 4 14
581 21 10 15 25 11
581 12 2 5 8 4
581 16 7 21 18 15
581 20 5 7 16 5
581 11 4 11 15 8
581 8 4 21 16 15
581 3 2 14 10 10
581 26 1 17 0 12
581 28 1 28 0 20
581 25 4 22 12 16
581 18 7 28 16 20
601 3 2 12 10 9
601 8 4 10 17 7
601 11 4 15 15 11
601 20 5 20 16 14
601 16 7 7 18 5
601 12 2 15 8 11
601 21 10 10 26 7
601 13 1 20 4 14
601 10 1 24 6 17
601 24 2 5 8 4
601 9 1 28 6 20
601 17 1 21 4 15
601 27 2 18 8 13
601 5 2 18 10 13
601 1 2 12 12 9
601 22 2 21 7 15
601 19 1 25 0 18
601 30 4 4 9 3
601 2 2 25 11 18
601 15 4 12 15 9
601 23 2 22 7 16
601 7 4 18 15 13
601 26 1 15 0 11
601 28 1 21 0 15
601 25 4 10 12 7
601 18 7 18 16 13
601 6 1 14 4 10
601 14 5 10 14 7
601 4 2 22 12 16
601 29 2 12 11 9
621 30 4 14 10 10
621 21 10 22 26 16
621 16 7 7 18 5
621 3 2 8 10 6
621 8 4 14 17 10
621 11 4 4 15 3
621 20 5 21 17 15
621 12 2 11 8 8
621 13 1 27 4 19
621 10 1 28 6 20
621 24 2 12 8 9
621 9 1 21 6 15
621 17 1 17 4 12
621 27 2 5 8 4
621 5 2 8 10 6
621 1 2 27 12 19
621 22 2 11 7 8
621 19 1 20 0 14
621 2 2 10 11 7
621 15 4 2 15 2
621 23 2 22 7 16
621 7 4 22 15 16
621 26 1 22 0 16
621 28 1 17 0 12
621 25 4 22 12 16
621 18 7 11 16 8
621 6 1 28 4 20
621 14 5 27 15 19
621 4 2 17 12 12
621 29 2 12 11 9
641 15 2 14 16 10
641 11 4 25 15 18
641 16 7 17 19 12
641 30 4 10 10 7
641 21 10 27 27 19
641 3 2 18 10 13
641 8 4 17 17 12
641 20 5 10 17 7
641 12 2 4 8 3
641 13 1 17 4 12
641 10 1 24 6 17
641 24 2 8 9 6
641 9 1 20 6 14
641 17 1 15 4 11
641 27 2 28 9 20
641 5 2 11 10 8
641 1 2 8 12 6
641 22 2 18 7 13
641 19 1 22 0 16
641 2 2 7 11 5
641 23 2 27 7 19
641 7 4 11 15 8
641 26 1 21 0 15
641 28 1 22 0 16
641 25 4 17 13 12
641 18 7 17 17 12
641 6 1 17 4 12
641 14 5 11 15 8
641 4 2 22 12 16
641 29 2 28 11 20
661 26 1 20 0 14
661 2 2 2 11 2
661 19 1 28 0 20
661 1 2 7 12 5
661 27 2 4 9 3
661 17 1 28 4 20
661 9 1 22 6 16
661 24 2 20 9 14
661 10 1 20 6 14
661 13 1 22 4 16
661 12 2 1 8 1
661 20 5 24 17 17
661 21 10 25 28 18
661 30 4 2 10 2
661 16 7 20 19 14
661 11 4 2 15 2
661 15 2 18 16 13
661 6 1 17 4 12
661 14 5 5 15 4
661 4 2 15 12 11
661 29 2 21 12 15
661 18 7 28 17 20
661 25 4 7 13 5
661 28 1 14 0 10
661 7 4 4 16 3
661 23 2 14 7 10
661 22 2 14 7 10
661 5 2 7 11 5
661 8 4 7 17 5
661 3 2 10 10 7
681 11 2 2 15 2
681 30 2 20 10 14
681 12 1 20 8 14
681 7 4 24 16 17
681 14 5 4 15 3
681 2 2 11 11 8
681 26 1 22 0 16
681 19 1 21 0 15
681 1 2 10 13 7
681 27 2 22 9 16
681 17 1 18 4 13
681 9 1 17 6 12
681 24 2 21 9 15
681 10 1 20 6 14
681 13 1 21 4 15
681 20 5 20 17 14
681 21 10 17 28 12
681 16 7 5 19 4
681 15 2 14 16 10
681 6 1 15 4 11
681 4 2 5 13 4
681 29 2 2 12 2
681 18 7 24 17 17
681 25 4 25 13 18
681 28 1 12 0 9
681 23 2 24 7 17
681 22 2 10 7 7
681 5 2 20 11 14
681 8 4 5 17 4
681 3 2 14 11 10
701 16 5 14 20 10
701 14 4 21 16 15
701 29 2 10 12 7
701 11 2 27 15 19
701 30 2 18 10 13
701 12 1 14 8 10
701 7 4 18 16 13
701 2 2 14 11 10
701 26 1 25 0 18
701 19 1 25 0 18
701 1 2 27 13 19
701 27 2 14 9 10
701 17 1 12 4 9
701 9 1 25 6 18
701 24 2 17 9 12
701 10 1 18 6 13
701 13 1 27 4 19
701 20 5 11 18 8
701 21 10 14 29 10
701 15 2 20 16 14
701 6 1 18 4 13
701 4 2 10 13 7
701 18 7 18 17 13
701 25 4 5 13 4
701 28 1 18 0 13
701 23 2 7 8 5
701 22 2 4 7 3
701 5 2 22 11 16
701 8 4 20 17 14
701 3 2 10 11 7
721 21 10 24 30 17
721 20 5 7 19 5
721 13 1 22 4 16
721 10 1 22 6 16
721 24 2 10 9 7
721 9 1 21 6 15
721 1 2 15 13 11
721 19 1 27 0 19
721 2 2 22 12 16
721 30 2 2 10 2
721 11 2 7 15 5
721 16 5 11 20 8
721 7 4 4 16 3
721 18 7 18 18 13
721 25 4 14 13 10
721 28 1 17 0 12
721 23 2 14 8 10
721 22 2 17 7 12
721 5 2 4 11 3
721 8 4 25 18 18
721 3 2 22 11 16
721 4 2 20 13 14
721 6 1 20 4 14
721 15 2 14 16 10
721 17 1 28 4 20
721 27 2 25 9 18
721 26 1 21 0 15
721 12 1 12 8 9
721 29 2 24 12 17
721 14 4 24 16 17
741 7 4 28 16 20
741 30 2 18 10 13
741 21 10 28 30 20
741 20 5 21 19 15
741 13 1 22 4 16
741 10 1 22 6 16
741 24 2 28 9 20
741 9 1 20 6 14
741 1 2 22 13 16
741 19 1 27 0 19
741 2 2 8 12 6
741 11 2 18 16 13
741 16 5 11 20 8
741 18 7 20 18 14
741 25 4 4 13 3
741 28 1 27 0 19
741 23 2 18 8 13
741 22 2 7 7 5
741 5 2 14 11 10
741 8 4 22 18 16
741 3 2 15 11 11
741 4 2 18 13 13
741 6 1 15 4 11
741 15 2 27 16 19
741 17 1 21 4 15
741 27 2 11 9 8
741 26 1 14 0 10
741 12 1 7 8 5
741 29 2 21 12 15
741 14 4 15 16 11
761 25 4 24 14 17
761 7 4 5 16 4
761 30 2 12 10 9
761 21 10 10 31 7
761 20 5 27 19 19
761 13 1 24 4 17
761 10 1 28 6 20
761 24 2 28 9 20
761 9 1 20 6 14
761 1 2 17 13 12
761 19 1 18 0 13
761 2 2 8 12 6
761 11 2 12 16 9
761 16 5 28 21 20
761 18 7 20 19 14
761 28 1 24 0 17
761 23 2 25 8 18
761 22 2 11 8 8
761 5 2 21 11 15
761 8 4 2 18 2
761 3 2 28 11 20
761 4 2 7 13 5
761 6 1 24 4 17
761 15 2 2 17 2
761 17 1 12 4 9
761 27 2 14 9 10
761 26 1 15 0 11
761 12 1 21 8 15
761 29 2 12 12 9
761 14 4 8 16 6
781 18 7 8 19 6
781 16 5 4 21 3
781 2 2 21 12 15
781 19 1 18 0 13
781 1 2 28 13 20
781 10 1 18 6 13
781 13 1 27 4 19
781 20 5 22 19 16
781 30 2 15 11 11
781 21 10 17 31 12
781 8 2 24 18 17
781 15 2 2 17 2
781 4 2 27 13 19
781 6 1 14 4 10
781 17 1 12 4 9
781 27 2 15 9 11
781 26 1 25 0 18
781 12 1 15 8 11
781 29 2 12 12 9
781 14 4 27 16 19
781 3 2 21 11 15
781 5 2 17 11 12
781 22 2 12 8 9
781 23 2 12 8 9
781 28 1 28 0 20
781 11 2 21 16 15
781 9 1 17 6 12
781 24 2 12 9 9
781 7 4 15 16 11
781 25 4 24 14 17
801 16 4 10 21 7
801 15 2 2 17 2
801 18 7 22 20 16
801 2 2 14 12 10
801 19 1 22 0 16
801 1 2 11 13 8
801 10 1 22 6 16
801 13 1 15 4 11
801 20 5 7 19 5
801 30 2 8 11 6
801 21 10 20 31 14
801 8 2 2 18 2
801 4 2 25 13 18
801 6 1 14 4 10
801 17 1 25 4 18
801 27 2 5 9 4
801 26 1 25 0 18
801 12 1 20 8 14
801 29 2 14 12 10
801 14 4 10 17 7
801 3 2 10 11 7
801 5 2 15 11 11
801 22 2 20 8 14
801 23 2 5 8 4
801 28 1 27 0 19
801 11 2 5 16 4
801 9 1 21 6 15
801 24 2 12 9 9
801 7 4 27 17 19
801 25 4 11 14 8
821 8 2 10 19 7
821 15 2 14 17 10
821 16 4 28 22 20
821 18 7 14 20 10
821 2 2 27 12 19
821 19 1 22 0 16
821 1 2 20 13 14
821 10 1 22 6 16
821 13 1 15 4 11
821 20 5 18 19 13
821 30 2 14 11 10
821 21 10 15 32 11
821 4 2 11 14 8
821 6 1 15 4 11
821 17 1 15 4 11
821 27 2 12 9 9
821 26 1 14 0 10
821 12 1 7 8 5
821 29 2 1 12 1
821 14 4 10 17 7
821 3 2 24 11 17
821 5 2 10 11 7
821 22 2 27 8 19
821 23 2 18 8 13
821 28 1 20 0 14
821 11 2 17 16 12
821 9 1 18 6 13
821 24 2 4 9 3
821 7 4 27 17 19
821 25 4 10 14 7
841 14 4 21 17 15
841 12 1 21 8 15
841 27 2 11 10 8
841 17 1 20 4 14
841 6 1 27 4 19
841 4 2 28 14 20
841 21 10 21 33 15
841 30 2 11 11 8
841 13 1 20 4 14
841 10 1 25 6 18
841 19 1 20 0 14
841 18 7 10 20 7
841 16 4 10 22 7
841 8 2 21 19 15
841 29 1 7 12 5
841 3 2 15 11 11
841 5 2 21 11 15
841 22 2 12 8 9
841 23 2 20 8 14
841 28 1 12 0 9
841 11 2 10 16 7
841 9 1 20 6 14
841 24 2 22 10 16
841 7 4 17 17 12
841 25 4 24 14 17
841 26 1 21 0 15
841 20 5 10 19 7
841 1 2 14 13 10
841 2 2 4 12 3
841 15 2 15 17 11
861 14 4 5 17 4
861 12 1 4 8 3
861 27 2 24 10 17
861 17 1 18 4 13
861 6 1 14 4 10
861 4 2 10 14 7
861 21 10 12 33 9
861 30 2 8 11 6
861 13 1 20 4 14
861 10 1 18 6 13
861 19 1 18 0 13
861 18 7 7 20 5
861 16 4 12 22 9
861 8 2 15 19 11
861 29 1 1 12 1
861 3 2 4 12 3
861 5 2 20 11 14
861 22 2 8 8 6
861 23 2 15 8 11
861 28 1 22 0 16
861 11 2 21 16 15
861 9 1 20 6 14
861 24 2 1 10 1
861 7 4 18 17 13
861 25 4 22 14 16
861 26 1 21 0 15
861 20 5 14 20 10
861 1 2 10 14 7
861 2 2 24 12 17
861 15 2 27 17 19
881 24 1 25 10 18
881 29 1 5 12 4
881 18 7 11 21 8
881 14 4 27 18 19
881 12 1 1 8 1
881 27 2 8 10 6
881 17 1 18 4 13
881 6 1 27 4 19
881 4 2 27 14 19
881 21 10 14 34 10
881 30 2 27 11 19
881 13 1 22 4 16
881 10 1 20 6 14
881 19 1 21 0 15
881 16 4 12 22 9
881 8 2 22 19 16
881 3 2 8 12 6
881 5 2 2 12 2
881 22 2 10 8 7
881 23 2 20 8 14
881 28 1 20 0 14
881 11 2 21 16 15
881 9 1 24 6 17
881 7 4 25 17 18
881 25 4 25 15 18
881 26 1 28 0 20
881 20 5 20 20 14
881 1 2 5 14 4
881 2 2 4 12 3
881 15 2 17 17 12
901 25 4 27 15 19
901 7 4 24 18 17
901 9 1 20 6 14
901 11 2 10 17 7
901 28 1 27 0 19
901 23 2 20 9 14
901 22 2 10 8 7
901 3 2 15 12 11
901 8 2 8 19 6
901 16 4 25 23 18
901 19 1 28 0 20
901 10 1 22 6 16
901 13 1 27 4 19
901 21 10 24 35 17
901 4 2 21 14 15
901 27 2 8 10 6
901 14 4 11 18 8
901 18 7 12 21 9
901 29 1 5 12 4
901 24 1 7 10 5
901 12 1 15 8 11
901 5 2 1 12 1
901 26 1 22 0 16
901 20 5 12 20 9
901 1 2 27 14 19
901 2 2 4 12 3
901 15 2 22 17 16
901 30 2 10 11 7
901 6 1 22 4 16
901 17 1 20 4 14
921 5 1 11 12 8
921 25 4 20 15 14
921 7 4 27 18 19
921 9 1 21 6 15
921 11 2 27 17 19
921 28 1 27 0 19
921 23 2 20 9 14
921 22 2 10 8 7
921 3 2 28 12 20
921 8 2 10 19 7
921 16 4 15 23 11
921 19 1 22 0 16
921 10 1 18 6 13
921 13 1 18 4 13
921 21 10 21 35 15
921 4 2 21 14 15
921 27 2 1 10 1
921 14 4 14 18 10
921 18 7 15 21 11
921 29 1 15 12 11
921 24 1 12 10 9
921 12 1 2 8 2
921 26 1 22 0 16
921 20 5 20 20 14
921 1 2 22 14 16
921 2 2 22 12 16
921 15 2 27 17 19
921 30 2 28 11 20
921 6 1 22 4 16
921 17 1 27 4 19
941 27 1 1 10 1
941 5 1 1 12 1
941 25 4 1 15 1
941 7 4 2 18 2
941 9 1 11 6 8
941 11 2 1 17 1
941 28 1 2 0 2
941 23 2 1 9 1
941 22 2 1 8 1
941 3 2 1 12 1
941 8 2 1 19 1
941 16 4 1 23 1
941 19 1 1 0 1
941 10 1 11 6 8
941 13 1 14 4 10
941 21 10 7 36 5
941 4 2 2 14 2
941 14 4 2 18 2
941 18 7 2 21 2
941 29 1 1 12 1
941 24 1 1 10 1
941 12 1 1 8 1
941 26 1 14 0 10
941 20 5 2 21 2
941 1 2 4 14 3
941 2 2 0 13 0
941 15 2 1 17 1
941 30 2 1 11 1
941 6 1 5 4 4
941 17 1 7 4 5
961 13 1 7 4 5
961 10 1 2 6 2
961 28 1 1 0 1
961 9 1 7 6 5
961 5 1 1 12 1
961 4 2 1 14 1
961 29 1 1 12 1
961 24 1 1 10 1
961 7 2 1 18 1
961 11 1 1 17 1
961 23 1 2 9 2
961 3 1 1 12 1
961 8 1 1 19 1
961 16 1 1 23 1
961 21 7 2 37 2
961 14 2 2 18 2
961 18 2 2 22 2
961 20 2 1 22 1
961 30 1 1 11 1
961 6 1 4 4 3
961 17 1 10 4 7
961 1 2 1 14 1
961 26 1 12 0 9
961 27 1 1 10 1
961 19 1 11 0 8
961 12 1 1 8 1
961 25 1 1 15 1
961 22 1 1 8 1
961 2 1 0 13 0
961 15 1 1 17 1
981 2 1 0 13 0
981 1 1 1 14 1
981 20 1 1 22 1
981 21 2 7 37 5
981 7 1 2 18 2
981 4 1 1 14 1
981 15 1 1 17 1
981 22 1 1 8 1
981 25 1 2 15 2
981 12 1 1 8 1
981 27 1 1 10 1
981 30 1 1 11 1
981 18 2 4 22 3
981 14 2 1 18 1
981 16 1 1 23 1
981 8 1 1 19 1
981 3 1 1 12 1
981 11 1 1 17 1
981 24 1 1 10 1
981 29 1 1 12 1
981 5 1 1 12 1
981 28 1 4 0 3
981 13 1 5 4 4
981 10 1 14 6 10
981 9 1 1 6 1
981 23 1 2 9 2
981 6 1 1 4 1
981 17 1 7 4 5
981 26 1 12 0 9
981 19 1 10 0 7
1001 14 1 1 18 1
1001 2 1 0 13 0
1001 6 1 10 4 7
1001 9 1 7 6 5
1001 5 1 1 12 1
1001 29 1 1 12 1
1001 24 1 1 10 1
1001 11 1 1 17 1
1001 3 1 1 12 1
1001 8 1 1 19 1
1001 16 1 1 23 1
1001 30 1 1 11 1
1001 27 1 1 10 1
1001 12 1 1 8 1
1001 22 1 2 8 2
1001 15 1 1 17 1
1001 4 1 4 14 3
1001 20 1 1 22 1
1001 1 1 4 14 3
1001 21 2 5 38 4
1001 7 1 1 18 1
1001 25 1 2 15 2
1001 18 2 2 22 2
1001 28 1 7 0 5
1001 13 1 4 4 3
1001 10 1 12 6 9
1001 23 1 1 9 1
1001 17 1 4 4 3
1001 26 1 14 0 10
1001 19 1 2 0 2
1021 10 1 11 6 8
1021 13 1 8 4 6
1021 21 2 4 38 3
1021 4 1 4 14 3
1021 6 1 14 4 10
1021 5 1 1 12 1
1021 24 1 1 10 1
1021 11 1 1 17 1
1021 16 1 1 23 1
1021 20 1 1 22 1
1021 7 1 2 18 2
1021 18 2 1 23 1
1021 23 1 2 9 2
1021 2 1 0 13 0
1021 15 1 1 17 1
1021 12 1 1 8 1
1021 27 1 1 10 1
1021 22 1 2 8 2
1021 1 1 1 14 1
1021 25 1 1 15 1
1021 26 1 14 0 10
1021 19 1 15 0 11
1021 17 1 2 4 2
1021 28 1 10 0 7
1021 9 1 7 6 5
1021 14 1 1 18 1
1021 29 1 1 12 1
1021 3 1 1 12 1
1021 8 1 1 19 1
1021 30 1 1 11 1
1041 2 1 0 13 0
1041 18 1 2 23 2
1041 30 1 1 11 1
1041 8 1 1 19 1
1041 3 1 4 12 3
1041 29 1 1 12 1
1041 14 1 2 18 2
1041 25 1 2 15 2
1041 1 1 1 14 1
1041 27 1 1 10 1
1041 12 1 1 8 1
1041 15 1 1 17 1
1041 20 1 1 22 1
1041 16 1 2 23 2
1041 11 1 1 17 1
1041 24 1 1 10 1
1041 5 1 1 12 1
1041 10 1 4 6 3
1041 13 1 7 4 5
1041 21 2 2 38 2
1041 4 1 2 14 2
1041 6 1 10 4 7
1041 7 1 2 18 2
1041 23 1 1 9 1
1041 22 1 1 8 1
1041 26 1 10 0 7
1041 19 1 17 0 12
1041 17 1 8 4 6
1041 28 1 10 0 7
1041 9 1 15 6 11
1061 2 1 0 13 0
1061 22 1 1 8 1
1061 23 1 1 9 1
1061 21 2 4 38 3
1061 5 1 1 12 1
1061 24 1 1 10 1
1061 11 1 1 17 1
1061 20 1 1 22 1
1061 15 1 1 17 1
1061 12 1 1 8 1
1061 27 1 1 10 1
1061 1 1 2 14 2
1061 29 1 1 12 1
1061 8 1 1 19 1
1061 30 1 1 11 1
1061 18 1 2 23 2
1061 3 1 1 12 1
1061 14 1 2 18 2
1061 25 1 2 15 2
1061 16 1 1 23 1
1061 10 1 1 6 1
1061 13 1 14 4 10
1061 4 1 1 14 1
1061 6 1 5 4 4
1061 7 1 1 18 1
1061 26 1 5 0 4
1061 19 1 11 0 8
1061 17 1 8 4 6
1061 28 1 7 0 5
1061 9 1 8 6 6
1081 6 1 12 4 9
1081 13 1 15 4 11
1081 21 2 2 38 2
1081 23 1 2 9 2
1081 5 1 1 12 1
1081 11 1 1 17 1
1081 20 1 1 22 1
1081 12 1 1 8 1
1081 16 1 1 23 1
1081 10 1 8 6 6
1081 4 1 2 14 2
1081 7 1 2 18 2
1081 2 1 0 13 0
1081 3 1 1 12 1
1081 30 1 1 11 1
1081 8 1 1 19 1
1081 29 1 1 12 1
1081 14 1 2 18 2
1081 17 1 11 4 8
1081 28 1 4 0 3
1081 9 1 14 6 10
1081 19 1 15 0 11
1081 26 1 8 0 6
1081 25 1 2 15 2
1081 18 1 2 23 2
1081 1 1 1 14 1
1081 22 1 1 8 1
1081 24 1 1 10 1
1081 15 1 1 17 1
1081 27 1 1 10 1
1101 2 1 0 13 0
1101 27 1 1 10 1
1101 15 1 1 17 1
1101 24 1 1 10 1
1101 22 1 2 8 2
1101 1 1 4 14 3
1101 29 1 1 12 1
1101 8 1 1 19 1
1101 30 1 1 11 1
1101 3 1 4 12 3
1101 16 1 1 23 1
1101 12 1 1 8 1
1101 20 1 1 22 1
1101 11 1 1 17 1
1101 5 1 1 12 1
1101 21 2 4 39 3
1101 6 1 12 4 9
1101 13 1 5 4 4
1101 23 1 2 9 2
1101 10 1 8 6 6
1101 4 1 2 14 2
1101 7 1 2 18 2
1101 14 1 1 18 1
1101 17 1 7 4 5
1101 28 1 2 0 2
1101 9 1 11 6 8
1101 19 1 14 0 10
1101 26 1 14 0 10
1101 25 1 1 15 1
1101 18 1 2 23 2
1121 2 1 0 13 0
1121 25 1 2 15 2
1121 14 1 1 18 1
1121 5 1 1 12 1
1121 11 1 1 17 1
1121 20 1 1 22 1
1121 12 1 1 8 1
1121 16 1 2 23 2
1121 30 1 1 11 1
1121 8 1 1 19 1
1121 29 1 1 12 1
1121 24 1 1 10 1
1121 15 1 1 17 1
1121 27 1 1 10 1
1121 22 1 2 8 2
1121 1 1 2 14 2
1121 3 1 1 12 1
1121 21 2 1 39 1
1121 6 1 10 4 7
1121 13 1 5 4 4
1121 23 1 1 9 1
1121 10 1 15 6 11
1121 4 1 2 14 2
1121 7 1 1 18 1
1121 17 1 12 4 9
1121 28 1 11 0 8
1121 9 1 1 6 1
1121 19 1 10 0 7
1121 26 1 10 0 7
1121 18 1 2 23 2
1141 4 1 1 14 1
1141 10 1 2 6 2
1141 16 1 1 23 1
1141 5 1 1 12 1
1141 11 1 1 17 1
1141 20 1 1 22 1
1141 3 1 1 12 1
1141 23 1 2 9 2
1141 7 1 1 18 1
1141 21 1 1 39 1
1141 27 1 1 10 1
1141 15 1 1 17 1
1141 24 1 1 10 1
1141 25 1 1 15 1
1141 22 1 2 8 2
1141 1 1 2 14 2
1141 19 1 4 0 3
1141 26 1 14 0 10
1141 18 1 1 23 1
1141 28 1 8 0 6
1141 17 1 10 4 7
1141 13 1 2 4 2
1141 6 1 4 4 3
1141 14 1 1 18 1
1141 12 1 1 8 1
1141 30 1 1 11 1
1141 8 1 1 19 1
1141 29 1 1 12 1
1141 9 1 10 6 7
1141 2 1 0 13 0
1161 2 1 0 13 0
1161 29 1 1 12 1
1161 8 1 1 19 1
1161 30 1 1 11 1
1161 12 1 1 8 1
1161 14 1 1 18 1
1161 18 1 2 23 2
1161 25 1 2 15 2
1161 24 1 1 10 1
1161 15 1 1 17 1
1161 27 1 1 10 1
1161 21 1 1 39 1
1161 7 1 1 18 1
1161 3 1 1 12 1
1161 20 1 1 22 1
1161 11 1 1 17 1
1161 5 1 1 12 1
1161 16 1 1 23 1
1161 4 1 4 14 3
1161 10 1 10 6 7
1161 23 1 2 9 2
1161 22 1 1 8 1
1161 1 1 4 14 3
1161 19 1 8 0 6
1161 26 1 2 0 2
1161 28 1 2 0 2
1161 17 1 10 4 7
1161 13 1 7 4 5
1161 6 1 7 4 5
1161 9 1 1 6 1
1181 2 1 0 13 0
1181 9 1 4 6 3
1181 22 1 2 8 2
1181 16 1 2 23 2
1181 5 1 1 12 1
1181 11 1 1 17 1
1181 20 1 1 22 1
1181 3 1 2 12 2
1181 7 1 2 18 2
1181 21 1 1 39 1
1181 27 1 1 10 1
1181 15 1 1 17 1
1181 24 1 1 10 1
1181 14 1 1 18 1
1181 12 1 1 8 1
1181 30 1 1 11 1
1181 8 1 1 19 1
1181 29 1 1 12 1
1181 18 1 2 23 2
1181 25 1 2 15 2
1181 4 1 1 14 1
1181 10 1 18 6 13
1181 23 1 1 9 1
1181 1 1 1 14 1
1181 19 1 8 0 6
1181 26 1 4 0 3
1181 28 1 10 0 7
1181 17 1 2 4 2
1181 13 1 2 4 2
1181 6 1 1 4 1
1201 10 1 7 6 5
1201 16 1 1 23 1
1201 5 1 1 12 1
1201 11 1 1 17 1
1201 20 1 1 22 1
1201 21 1 1 39 1
1201 1 1 4 14 3
1201 2 1 0 13 0
1201 6 1 4 4 3
1201 29 1 1 12 1
1201 8 1 1 19 1
1201 30 1 1 11 1
1201 12 1 1 8 1
1201 14 1 2 18 2
1201 9 1 10 6 7
1201 28 1 4 0 3
1201 17 1 12 4 9
1201 13 1 12 4 9
1201 26 1 2 0 2
1201 19 1 5 0 4
1201 25 1 1 15 1
1201 18 1 2 23 2
1201 7 1 1 18 1
1201 3 1 4 12 3
1201 22 1 1 8 1
1201 27 1 1 10 1
1201 15 1 1 17 1
1201 24 1 1 10 1
1201 4 1 4 14 3
1201 23 1 1 9 1
1221 2 1 0 13 0
1221 23 1 2 9 2
1221 24 1 1 10 1
1221 15 1 1 17 1
1221 27 1 1 10 1
1221 22 1 2 8 2
1221 7 1 2 18 2
1221 25 1 1 15 1
1221 12 1 1 8 1
1221 30 1 1 11 1
1221 8 1 1 19 1
1221 29 1 1 12 1
1221 21 1 4 39 3
1221 20 1 1 22 1
1221 11 1 1 17 1
1221 5 1 1 12 1
1221 16 1 2 23 2
1221 10 1 5 6 4
1221 1 1 4 14 3
1221 6 1 8 4 6
1221 14 1 1 18 1
1221 9 1 2 6 2
1221 28 1 11 0 8
1221 17 1 10 4 7
1221 13 1 10 4 7
1221 26 1 5 0 4
1221 19 1 5 0 4
1221 18 1 2 23 2
1221 3 1 2 12 2
1221 4 1 4 14 3
1241 2 1 0 13 0
1241 14 1 2 18 2
1241 5 1 1 12 1
1241 11 1 1 17 1
1241 20 1 1 22 1
1241 29 1 1 12 1
1241 8 1 1 19 1
1241 30 1 1 11 1
1241 12 1 1 8 1
1241 25 1 1 15 1
1241 27 1 1 10 1
1241 15 1 1 17 1
1241 24 1 1 10 1
1241 23 1 2 9 2
1241 22 1 2 8 2
1241 7 1 1 18 1
1241 21 1 2 39 2
1241 16 1 2 23 2
1241 10 1 4 6 3
1241 1 1 1 14 1
1241 6 1 11 4 8
1241 9 1 4 6 3
1241 28 1 12 0 9
1241 17 1 12 4 9
1241 13 1 10 4 7
1241 26 1 2 0 2
1241 19 1 2 0 2
1241 18 1 1 23 1
1241 3 1 1 12 1
1241 4 1 1 14 1
1261 13 1 14 4 10
1261 6 1 2 4 2
1261 16 1 2 23 2
1261 21 1 4 39 3
1261 14 1 2 18 2
1261 5 1 1 12 1
1261 11 1 1 17 1
1261 20 1 1 22 1
1261 30 1 1 11 1
1261 12 1 1 8 1
1261 4 1 4 14 3
1261 3 1 1 12 1
1261 18 1 2 23 2
1261 7 1 1 18 1
1261 24 1 1 10 1
1261 15 1 1 17 1
1261 27 1 1 10 1
1261 25 1 1 15 1
1261 23 1 1 9 1
1261 22 1 2 8 2
1261 26 1 4 0 3
1261 19 1 18 0 13
1261 17 1 5 4 4
1261 28 1 2 0 2
1261 9 1 2 6 2
1261 10 1 14 6 10
1261 29 1 1 12 1
1261 8 1 1 19 1
1261 1 1 4 14 3
1261 2 1 0 13 0
1281 2 1 0 13 0
1281 8 1 1 19 1
1281 29 1 1 12 1
1281 23 1 2 9 2
1281 25 1 1 15 1
1281 27 1 1 10 1
1281 15 1 1 17 1
1281 24 1 1 10 1
1281 7 1 2 18 2
1281 3 1 1 12 1
1281 12 1 1 8 1
1281 30 1 1 11 1
1281 20 1 1 22 1
1281 11 1 1 17 1
1281 5 1 1 12 1
1281 13 1 10 4 7
1281 6 1 8 4 6
1281 16 1 1 23 1
1281 21 1 4 39 3
1281 14 1 1 18 1
1281 4 1 2 14 2
1281 18 1 2 23 2
1281 22 1 2 8 2
1281 26 1 8 0 6
1281 19 1 12 0 9
1281 17 1 5 4 4
1281 28 1 7 0 5
1281 9 1 17 6 12
1281 10 1 12 6 9
1281 1 1 1 14 1
1301 2 1 0 13 0
1301 1 1 4 14 3
1301 14 1 2 18 2
1301 16 1 2 23 2
1301 5 1 1 12 1
1301 11 1 1 17 1
1301 20 1 1 22 1
1301 30 1 1 11 1
1301 12 1 1 8 1
1301 3 1 2 12 2
1301 24 1 1 10 1
1301 15 1 1 17 1
1301 27 1 1 10 1
1301 25 1 2 15 2
1301 29 1 1 12 1
1301 8 1 1 19 1
1301 23 1 1 9 1
1301 7 1 2 18 2
1301 13 1 14 4 10
1301 6 1 8 4 6
1301 21 1 1 39 1
1301 4 1 4 14 3
1301 18 1 1 23 1
1301 22 1 1 8 1
1301 26 1 7 0 5
1301 19 1 11 0 8
1301 17 1 12 4 9
1301 28 1 7 0 5
1301 9 1 8 6 6
1301 10 1 2 6 2
1321 4 1 2 14 2
1321 13 1 1 4 1
1321 5 1 1 12 1
1321 12 1 1 8 1
1321 15 1 1 17 1
1321 2 1 0 13 0
1321 8 1 1 19 1
1321 29 1 1 12 1
1321 1 1 2 14 2
1321 17 1 12 4 9
1321 28 1 5 0 4
1321 9 1 17 6 12
1321 10 1 5 6 4
1321 19 1 10 0 7
1321 26 1 5 0 4
1321 6 1 5 4 4
1321 7 1 1 18 1
1321 25 1 1 15 1
1321 3 1 2 12 2
1321 14 1 1 18 1
1321 11 1 1 17 1
1321 20 1 1 22 1
1321 30 1 1 11 1
1321 24 1 1 10 1
1321 27 1 1 10 1
1321 23 1 2 9 2
1321 18 1 2 23 2
1321 22 1 2 8 2
1321 21 1 1 0 1
1321 16 1 1 0 2
1341 2 1 0 13 0
1341 16 1 2 0 2
1341 21 1 1 0 1
1341 27 1 1 10 1
1341 24 1 1 10 1
1341 30 1 1 11 1
1341 20 1 1 22 1
1341 11 1 1 17 1
1341 14 1 2 18 2
1341 25 1 2 15 2
1341 7 1 2 18 2
1341 29 1 1 12 1
1341 8 1 1 19 1
1341 15 1 1 17 1
1341 12 1 1 8 1
1341 5 1 1 12 1
1341 13 1 8 4 6
1341 4 1 1 14 1
1341 1 1 1 14 1
1341 17 1 1 4 1
1341 28 1 10 0 7
1341 9 1 10 6 7
1341 10 1 17 6 12
1341 19 1 10 0 7
1341 26 1 11 0 8
1341 6 1 8 4 6
1341 3 1 4 12 3
1341 23 1 2 9 2
1341 18 1 1 23 1
1341 22 1 2 8 2
1361 2 1 0 13 0
1361 18 1 1 23 1
1361 17 1 2 4 2
1361 1 1 4 14 3
1361 4 1 1 14 1
1361 5 1 1 12 1
1361 12 1 1 8 1
1361 15 1 1 17 1
1361 8 1 1 19 1
1361 29 1 1 12 1
1361 11 1 1 17 1
1361 20 1 1 22 1
1361 30 1 1 11 1
1361 24 1 1 10 1
1361 27 1 1 10 1
1361 21 1 4 0 3
1361 16 1 2 0 2
1361 14 1 1 18 1
1361 25 1 2 15 2
1361 7 1 2 18 2
1361 13 1 4 4 3
1361 28 1 4 0 3
1361 9 1 1 6 1
1361 10 1 17 6 12
1361 19 1 14 0 10
1361 26 1 1 0 1
1361 6 1 14 4 10
1361 3 1 4 12 3
1361 23 1 2 9 2
1361 22 1 1 8 1
1381 22 1 1 8 1
1381 26 1 10 0 7
1381 14 1 2 18 2
1381 27 1 1 10 1
1381 24 1 1 10 1
1381 30 1 1 11 1
1381 20 1 1 22 1
1381 11 1 1 17 1
1381 18 1 2 23 2
1381 21 1 2 0 2
1381 16 1 1 0 1
1381 25 1 1 15 1
1381 7 1 2 18 2
1381 19 1 11 0 8
1381 6 1 1 4 1
1381 3 1 1 12 1
1381 23 1 2 9 2
1381 10 1 11 6 8
1381 28 1 8 0 6
1381 13 1 4 4 3
1381 1 1 2 14 2
1381 17 1 8 4 6
1381 4 1 2 14 2
1381 5 1 1 12 1
1381 12 1 1 8 1
1381 15 1 1 17 1
1381 8 1 1 19 1
1381 29 1 1 12 1
1381 9 1 4 6 3
1381 2 1 0 13 0
1401 2 1 0 13 0
1401 29 1 1 12 1
1401 8 1 1 19 1
1401 15 1 1 17 1
1401 12 1 1 8 1
1401 5 1 1 12 1
1401 3 1 1 12 1
1401 6 1 1 4 1
1401 25 1 2 15 2
1401 16 1 2 0 2
1401 11 1 1 17 1
1401 20 1 1 22 1
1401 30 1 1 11 1
1401 24 1 1 10 1
1401 27 1 1 10 1
1401 22 1 1 8 1
1401 26 1 10 0 7
1401 14 1 1 18 1
1401 18 1 2 23 2
1401 21 1 2 0 2
1401 7 1 1 18 1
1401 19 1 10 0 7
1401 23 1 2 9 2
1401 10 1 14 6 10
1401 28 1 10 0 7
1401 13 1 7 4 5
1401 1 1 2 14 2
1401 17 1 1 4 1
1401 4 1 2 14 2
1401 9 1 4 6 3
1421 2 1 0 13 0
1421 17 1 12 4 9
1421 7 1 2 18 2
1421 14 1 1 18 1
1421 22 1 2 8 2
1421 27 1 1 10 1
1421 24 1 1 10 1
1421 30 1 1 11 1
1421 20 1 1 22 1
1421 11 1 1 17 1
1421 6 1 2 4 2
1421 3 1 1 12 1
1421 5 1 1 12 1
1421 12 1 1 8 1
1421 15 1 1 17 1
1421 8 1 1 19 1
1421 29 1 1 12 1
1421 25 1 2 15 2
1421 16 1 2 0 2
1421 26 1 14 0 10
1421 18 1 1 23 1
1421 21 1 1 0 1
1421 19 1 10 0 7
1421 23 1 2 9 2
1421 10 1 12 6 9
1421 28 1 7 0 5
1421 13 1 1 4 1
1421 1 1 1 14 1
1421 4 1 1 14 1
1421 9 1 4 6 3
1441 2 1 0 13 0
1441 4 1 2 14 2
1441 1 1 4 14 3
1441 13 1 14 4 10
1441 29 1 1 12 1
1441 8 1 1 19 1
1441 15 1 1 17 1
1441 12 1 1 8 1
1441 5 1 1 12 1
1441 17 1 10 4 7
1441 10 1 12 6 9
1441 28 1 4 0 3
1441 9 1 12 6 9
1441 23 1 1 9 1
1441 19 1 7 0 5
1441 26 1 5 0 4
1441 16 1 2 0 2
1441 25 1 1 15 1
1441 6 1 14 4 10
1441 22 1 2 8 2
1441 7 1 2 18 2
1441 14 1 2 18 2
1441 27 1 1 10 1
1441 24 1 1 10 1
1441 30 1 1 11 1
1441 20 1 1 22 1
1441 11 1 1 17 1
1441 3 1 1 12 1
1441 18 1 1 23 1
1441 21 1 2 0 2
1461 2 1 0 13 0
1461 18 1 1 23 1
1461 3 1 2 12 2
1461 11 1 1 17 1
1461 20 1 1 22 1
1461 30 1 1 11 1
1461 24 1 1 10 1
1461 27 1 1 10 1
1461 25 1 1 15 1
1461 23 1 1 9 1
1461 5 1 1 12 1
1461 12 1 1 8 1
1461 15 1 1 17 1
1461 8 1 1 19 1
1461 29 1 1 12 1
1461 4 1 1 14 1
1461 1 1 2 14 2
1461 13 1 14 4 10
1461 17 1 4 4 3
1461 10 1 17 6 12
1461 28 1 4 0 3
1461 9 1 7 6 5
1461 19 1 4 0 3
1461 26 1 11 0 8
1461 16 1 1 0 1
1461 6 1 10 4 7
1461 22 1 2 8 2
1461 7 1 2 18 2
1461 14 1 1 18 1
1461 21 1 2 0 2
1481 2 1 0 13 0
1481 14 1 1 18 1
1481 16 1 2 0 2
1481 4 1 4 14 3
1481 29 1 1 12 1
1481 8 1 1 19 1
1481 15 1 1 17 1
1481 12 1 1 8 1
1481 5 1 1 12 1
1481 23 1 1 9 1
1481 25 1 1 15 1
1481 27 1 1 10 1
1481 24 1 1 10 1
1481 30 1 1 11 1
1481 20 1 1 22 1
1481 11 1 1 17 1
1481 18 1 2 23 2
1481 3 1 1 12 1
1481 1 1 1 14 1
1481 13 1 12 4 9
1481 17 1 4 4 3
1481 10 1 4 6 3
1481 28 1 1 0 1
1481 9 1 7 6 5
1481 19 1 11 0 8
1481 26 1 4 0 3
1481 6 1 2 4 2
1481 22 1 1 8 1
1481 7 1 1 18 1
1481 21 1 2 0 2
1501 7 1 1 18 1
1501 22 1 1 8 1
1501 3 1 2 12 2
1501 11 1 1 17 1
1501 20 1 1 22 1
1501 30 1 1 11 1
1501 24 1 1 10 1
1501 27 1 1 10 1
1501 25 1 1 15 1
1501 23 1 2 9 2
1501 14 1 1 18 1
1501 16 1 2 0 2
1501 18 1 1 23 1
1501 19 1 15 0 11
1501 26 1 11 0 8
1501 6 1 14 4 10
1501 21 1 4 0 3
1501 9 1 7 6 5
1501 10 1 14 6 10
1501 17 1 4 4 3
1501 13 1 15 4 11
1501 4 1 1 14 1
1501 29 1 1 12 1
1501 8 1 1 19 1
1501 15 1 1 17 1
1501 12 1 1 8 1
1501 5 1 1 12 1
1501 1 1 4 14 3
1501 28 1 4 0 3
1501 2 1 0 13 0
1521 2 1 0 13 0
1521 5 1 1 12 1
1521 12 1 1 8 1
1521 15 1 1 17 1
1521 8 1 1 19 1
1521 29 1 1 12 1
1521 4 1 4 14 3
1521 18 1 2 23 2
1521 14 1 2 18 2
1521 25 1 1 15 1
1521 27 1 1 10 1
1521 24 1 1 10 1
1521 30 1 1 11 1
1521 20 1 1 22 1
1521 11 1 1 17 1
1521 22 1 2 8 2
1521 7 1 2 18 2
1521 3 1 4 12 3
1521 23 1 1 9 1
1521 16 1 2 0 2
1521 19 1 8 0 6
1521 26 1 1 0 1
1521 6 1 12 4 9
1521 21 1 4 0 3
1521 9 1 12 6 9
1521 10 1 2 6 2
1521 17 1 5 4 4
1521 13 1 5 4 4
1521 1 1 4 14 3
1521 28 1 11 0 8
1541 2 1 0 13 0
1541 26 1 10 0 7
1541 23 1 2 9 2
1541 11 1 1 17 1
1541 20 1 1 22 1
1541 30 1 1 11 1
1541 24 1 1 10 1
1541 27 1 1 10 1
1541 25 1 1 15 1
1541 29 1 1 12 1
1541 8 1 1 19 1
1541 15 1 1 17 1
1541 12 1 1 8 1
1541 5 1 1 12 1
1541 4 1 2 14 2
1541 18 1 1 23 1
1541 14 1 1 18 1
1541 22 1 2 8 2
1541 7 1 1 18 1
1541 3 1 2 12 2
1541 16 1 2 0 2
1541 19 1 7 0 5
1541 6 1 11 4 8
1541 21 1 4 0 3
1541 9 1 4 6 3
1541 10 1 18 6 13
1541 17 1 11 4 8
1541 13 1 2 4 2
1541 1 1 1 14 1
1541 28 1 2 0 2
1561 2 1 0 13 0
1561 1 1 1 14 1
1561 5 1 1 12 1
1561 12 1 1 8 1
1561 15 1 1 17 1
1561 8 1 1 19 1
1561 29 1 1 12 1
1561 4 1 2 14 2
1561 9 1 12 6 9
1561 10 1 8 6 6
1561 17 1 8 4 6
1561 13 1 7 4 5
1561 28 1 4 0 3
1561 21 1 1 0 1
1561 6 1 2 4 2
1561 19 1 1 0 1
1561 16 1 1 0 1
1561 3 1 1 12 1
1561 22 1 2 8 2
1561 23 1 1 9 1
1561 26 1 2 0 2
1561 11 1 1 17 1
1561 20 1 1 22 1
1561 30 1 1 11 1
1561 24 1 1 10 1
1561 27 1 1 10 1
1561 25 1 1 15 1
1561 18 1 2 23 2
1561 14 1 2 18 2
1561 7 1 1 18 1
1581 2 1 0 13 0
1581 7 1 1 18 1
1581 25 1 1 15 1
1581 27 1 1 10 1
1581 24 1 1 10 1
1581 30 1 1 11 1
1581 20 1 1 22 1
1581 11 1 1 17 1
1581 23 1 2 9 2
1581 3 1 2 12 2
1581 16 1 2 0 2
1581 19 1 5 0 4
1581 21 1 2 0 2
1581 29 1 1 12 1
1581 8 1 1 19 1
1581 15 1 1 17 1
1581 12 1 1 8 1
1581 5 1 1 12 1
1581 1 1 4 14 3
1581 4 1 2 14 2
1581 9 1 2 6 2
1581 10 1 11 6 8
1581 17 1 11 4 8
1581 13 1 2 4 2
1581 28 1 10 0 7
1581 6 1 2 4 2
1581 22 1 2 8 2
1581 26 1 12 0 9
1581 18 1 1 23 1
1581 14 1 2 18 2
1601 2 1 0 13 0
1601 18 1 1 23 1
1601 5 1 1 12 1
1601 12 1 1 8 1
1601 15 1 1 17 1
1601 8 1 1 19 1
1601 29 1 1 12 1
1601 11 1 1 17 1
1601 20 1 1 22 1
1601 30 1 1 11 1
1601 24 1 1 10 1
1601 27 1 1 10 1
1601 25 1 2 15 2
1601 7 1 2 18 2
1601 23 1 2 9 2
1601 3 1 1 12 1
1601 16 1 1 0 1
1601 19 1 7 0 5
1601 21 1 4 0 3
1601 1 1 2 14 2
1601 4 1 2 14 2
1601 9 1 17 6 12
1601 10 1 10 6 7
1601 17 1 2 4 2
1601 13 1 7 4 5
1601 28 1 5 0 4
1601 6 1 14 4 10
1601 22 1 2 8 2
1601 26 1 2 0 2
1601 14 1 1 18 1
1621 14 1 1 18 1
1621 16 1 2 0 2
1621 3 1 1 12 1
1621 27 1 1 10 1
1621 24 1 1 10 1
1621 30 1 1 11 1
1621 20 1 1 22 1
1621 11 1 1 17 1
1621 18 1 2 23 2
1621 25 1 1 15 1
1621 7 1 1 18 1
1621 23 1 1 9 1
1621 19 1 4 0 3
1621 21 1 1 0 1
1621 6 1 11 4 8
1621 22 1 2 8 2
1621 26 1 5 0 4
1621 28 1 1 0 1
1621 13 1 14 4 10
1621 17 1 10 4 7
1621 10 1 10 6 7
1621 9 1 8 6 6
1621 4 1 4 14 3
1621 1 1 4 14 3
1621 5 1 1 12 1
1621 12 1 1 8 1
1621 15 1 1 17 1
1621 8 1 1 19 1
1621 29 1 1 12 1
1621 2 1 0 13 0
1641 2 1 0 13 0
1641 29 1 1 12 1
1641 8 1 1 19 1
1641 15 1 1 17 1
1641 12 1 1 8 1
1641 5 1 1 12 1
1641 28 1 1 0 1
1641 21 1 1 0 1
1641 23 1 2 9 2
1641 7 1 2 18 2
1641 25 1 1 15 1
1641 11 1 1 17 1
1641 20 1 1 22 1
1641 30 1 1 11 1
1641 24 1 1 10 1
1641 27 1 1 10 1
1641 3 1 1 12 1
1641 14 1 2 18 2
1641 16 1 1 0 1
1641 18 1 2 23 2
1641 19 1 1 0 1
1641 6 1 12 4 9
1641 22 1 1 8 1
1641 26 1 14 0 10
1641 13 1 5 4 4
1641 17 1 5 4 4
1641 10 1 4 6 3
1641 9 1 14 6 10
1641 4 1 4 14 3
1641 1 1 2 14 2
1661 2 1 0 13 0
1661 22 1 1 8 1
1661 19 1 2 0 2
1661 16 1 2 0 2
1661 3 1 1 12 1
1661 27 1 1 10 1
1661 24 1 1 10 1
1661 30 1 1 11 1
1661 20 1 1 22 1
1661 11 1 1 17 1
1661 25 1 2 15 2
1661 21 1 4 0 3
1661 28 1 11 0 8
1661 5 1 1 12 1
1661 12 1 1 8 1
1661 15 1 1 17 1
1661 8 1 1 19 1
1661 29 1 1 12 1
1661 23 1 2 9 2
1661 7 1 1 18 1
1661 14 1 1 18 1
1661 18 1 1 23 1
1661 6 1 1 4 1
1661 26 1 10 0 7
1661 13 1 15 4 11
1661 17 1 7 4 5
1661 10 1 14 6 10
1661 9 1 15 6 11
1661 4 1 1 14 1
1661 1 1 2 14 2
1681 2 1 0 13 0
1681 4 1 1 14 1
1681 29 1 1 12 1
1681 8 1 1 19 1
1681 15 1 1 17 1
1681 12 1 1 8 1
1681 5 1 1 12 1
1681 28 1 4 0 3
1681 13 1 10 4 7
1681 17 1 1 4 1
1681 10 1 8 6 6
1681 9 1 5 6 4
1681 1 1 1 14 1
1681 26 1 5 0 4
1681 23 1 2 9 2
1681 21 1 2 0 2
1681 25 1 1 15 1
1681 16 1 1 0 1
1681 19 1 1 0 1
1681 22 1 1 8 1
1681 3 1 2 12 2
1681 27 1 1 10 1
1681 24 1 1 10 1
1681 30 1 1 11 1
1681 20 1 1 22 1
1681 11 1 1 17 1
1681 7 1 1 18 1
1681 14 1 1 18 1
1681 18 1 1 23 1
1681 6 1 7 4 5
1701 2 1 0 13 0
1701 18 1 2 23 2
1701 14 1 1 18 1
1701 7 1 1 18 1
1701 11 1 1 17 1
1701 20 1 1 22 1
1701 30 1 1 11 1
1701 24 1 1 10 1
1701 27 1 1 10 1
1701 22 1 2 8 2
1701 19 1 1 0 1
1701 16 1 1 0 1
1701 25 1 2 15 2
1701 1 1 2 14 2
1701 17 1 8 4 6
1701 5 1 1 12 1
1701 12 1 1 8 1
1701 15 1 1 17 1
1701 8 1 1 19 1
1701 29 1 1 12 1
1701 4 1 1 14 1
1701 28 1 8 0 6
1701 13 1 11 4 8
1701 10 1 4 6 3
1701 9 1 8 6 6
1701 26 1 4 0 3
1701 23 1 1 9 1
1701 21 1 1 0 1
1701 3 1 1 12 1
1701 6 1 10 4 7
1721 2 1 0 13 0
1721 3 1 4 12 3
1721 21 1 2 0 2
1721 23 1 2 9 2
1721 4 1 2 14 2
1721 29 1 1 12 1
1721 8 1 1 19 1
1721 15 1 1 17 1
1721 12 1 1 8 1
1721 5 1 1 12 1
1721 16 1 2 0 2
1721 19 1 5 0 4
1721 27 1 1 10 1
1721 24 1 1 10 1
1721 30 1 1 11 1
1721 20 1 1 22 1
1721 11 1 1 17 1
1721 7 1 1 18 1
1721 14 1 2 18 2
1721 18 1 1 23 1
1721 22 1 1 8 1
1721 25 1 2 15 2
1721 1 1 1 14 1
1721 17 1 4 4 3
1721 28 1 1 0 1
1721 13 1 1 4 1
1721 10 1 7 6 5
1721 9 1 12 6 9
1721 26 1 8 0 6
1721 6 1 8 4 6
1741 22 1 2 8 2
1741 18 1 2 23 2
1741 7 1 1 18 1
1741 11 1 1 17 1
1741 20 1 1 22 1
1741 30 1 1 11 1
1741 24 1 1 10 1
1741 27 1 1 10 1
1741 3 1 2 12 2
1741 21 1 1 0 1
1741 23 1 2 9 2
1741 16 1 2 0 2
1741 19 1 5 0 4
1741 14 1 2 18 2
1741 25 1 2 15 2
1741 26 1 8 0 6
1741 6 1 14 4 10
1741 9 1 4 6 3
1741 10 1 4 6 3
1741 17 1 4 4 3
1741 4 1 1 14 1
1741 29 1 1 12 1
1741 8 1 1 19 1
1741 15 1 1 17 1
1741 12 1 1 8 1
1741 5 1 1 12 1
1741 1 1 1 14 1
1741 28 1 12 0 9
1741 13 1 2 4 2
1741 2 1 0 13 0
1761 2 1 0 13 0
1761 1 1 4 14 3
1761 5 1 1 12 1
1761 12 1 1 8 1
1761 15 1 1 17 1
1761 8 1 1 19 1
1761 29 1 1 12 1
1761 4 1 4 14 3
1761 21 1 4 0 3
1761 27 1 1 10 1
1761 24 1 1 10 1
1761 30 1 1 11 1
1761 20 1 1 22 1
1761 11 1 1 17 1
1761 7 1 1 18 1
1761 22 1 2 8 2
1761 18 1 1 23 1
1761 3 1 4 12 3
1761 23 1 1 9 1
1761 16 1 1 0 1
1761 19 1 5 0 4
1761 14 1 1 18 1
1761 25 1 1 15 1
1761 26 1 2 0 2
1761 6 1 12 4 9
1761 9 1 17 6 12
1761 10 1 4 6 3
1761 17 1 1 4 1
1761 28 1 10 0 7
1761 13 1 1 4 1
1781 2 1 0 13 0
1781 13 1 12 4 9
1781 17 1 8 4 6
1781 25 1 2 15 2
1781 14 1 2 18 2
1781 16 1 1 0 1
1781 23 1 2 9 2
1781 18 1 1 23 1
1781 7 1 2 18 2
1781 11 1 1 17 1
1781 20 1 1 22 1
1781 30 1 1 11 1
1781 24 1 1 10 1
1781 27 1 1 10 1
1781 29 1 1 12 1
1781 8 1 1 19 1
1781 15 1 1 17 1
1781 12 1 1 8 1
1781 5 1 1 12 1
1781 1 1 1 14 1
1781 4 1 1 14 1
1781 21 1 2 0 2
1781 22 1 1 8 1
1781 3 1 2 12 2
1781 19 1 5 0 4
1781 26 1 2 0 2
1781 6 1 12 4 9
1781 9 1 14 6 10
1781 10 1 17 6 12
1781 28 1 8 0 6
1801 2 1 0 13 0
1801 4 1 2 14 2
1801 1 1 4 14 3
1801 5 1 1 12 1
1801 12 1 1 8 1
1801 15 1 1 17 1
1801 8 1 1 19 1
1801 29 1 1 12 1
1801 13 1 1 4 1
1801 17 1 12 4 9
1801 9 1 10 6 7
1801 10 1 12 6 9
1801 28 1 11 0 8
1801 6 1 2 4 2
1801 26 1 4 0 3
1801 19 1 8 0 6
1801 3 1 1 12 1
1801 21 1 2 0 2
1801 7 1 1 18 1
1801 23 1 1 9 1
1801 14 1 1 18 1
1801 25 1 2 15 2
1801 16 1 2 0 2
1801 18 1 1 23 1
1801 11 1 1 17 1
1801 20 1 1 22 1
1801 30 1 1 11 1
1801 24 1 1 10 1
1801 27 1 1 10 1
1801 22 1 1 8 1
1821 2 1 0 13 0
1821 22 1 2 8 2
1821 27 1 1 10 1
1821 24 1 1 10 1
1821 30 1 1 11 1
1821 20 1 1 22 1
1821 11 1 1 17 1
1821 18 1 2 23 2
1821 14 1 2 18 2
1821 23 1 2 9 2
1821 7 1 1 18 1
1821 3 1 4 12 3
1821 13 1 12 4 9
1821 29 1 1 12 1
1821 8 1 1 19 1
1821 15 1 1 17 1
1821 12 1 1 8 1
1821 5 1 1 12 1
1821 4 1 2 14 2
1821 1 1 2 14 2
1821 17 1 4 4 3
1821 9 1 5 6 4
1821 10 1 12 6 9
1821 28 1 7 0 5
1821 6 1 8 4 6
1821 26 1 12 0 9
1821 19 1 4 0 3
1821 21 1 4 0 3
1821 25 1 2 15 2
1821 16 1 1 0 1
1841 2 1 0 13 0
1841 16 1 2 0 2
1841 5 1 1 12 1
1841 12 1 1 8 1
1841 15 1 1 17 1
1841 8 1 1 19 1
1841 29 1 1 12 1
1841 7 1 2 18 2
1841 11 1 1 17 1
1841 20 1 1 22 1
1841 30 1 1 11 1
1841 24 1 1 10 1
1841 27 1 1 10 1
1841 22 1 1 8 1
1841 18 1 1 23 1
1841 14 1 1 18 1
1841 23 1 1 9 1
1841 3 1 4 12 3
1841 13 1 2 4 2
1841 4 1 1 14 1
1841 1 1 4 14 3
1841 17 1 4 4 3
1841 9 1 11 6 8
1841 10 1 15 6 11
1841 28 1 4 0 3
1841 6 1 1 4 1
1841 26 1 4 0 3
1841 19 1 4 0 3
1841 21 1 2 0 2
1841 25 1 1 15 1
1861 25 1 1 15 1
1861 6 1 10 4 7
1861 23 1 1 9 1
1861 14 1 1 18 1
1861 18 1 1 23 1
1861 22 1 2 8 2
1861 27 1 1 10 1
1861 24 1 1 10 1
1861 30 1 1 11 1
1861 20 1 1 22 1
1861 11 1 1 17 1
1861 16 1 1 0 1
1861 7 1 2 18 2
1861 3 1 4 12 3
1861 26 1 12 0 9
1861 19 1 15 0 11
1861 21 1 1 0 1
1861 28 1 8 0 6
1861 10 1 14 6 10
1861 9 1 5 6 4
1861 17 1 1 4 1
1861 1 1 1 14 1
1861 13 1 8 4 6
1861 5 1 1 12 1
1861 12 1 1 8 1
1861 15 1 1 17 1
1861 8 1 1 19 1
1861 29 1 1 12 1
1861 4 1 1 14 1
1861 2 1 0 13 0
1881 2 1 0 13 0
1881 4 1 2 14 2
1881 29 1 1 12 1
1881 8 1 1 19 1
1881 15 1 1 17 1
1881 12 1 1 8 1
1881 5 1 1 12 1
1881 1 1 2 14 2
1881 17 1 7 4 5
1881 21 1 2 0 2
1881 16 1 2 0 2
1881 11 1 1 17 1
1881 20 1 1 22 1
1881 30 1 1 11 1
1881 24 1 1 10 1
1881 27 1 1 10 1
1881 18 1 2 23 2
1881 14 1 1 18 1
1881 23 1 1 9 1
1881 25 1 2 15 2
1881 6 1 12 4 9
1881 22 1 2 8 2
1881 7 1 1 18 1
1881 3 1 1 12 1
1881 26 1 8 0 6
1881 19 1 18 0 13
1881 28 1 12 0 9
1881 10 1 8 6 6
1881 9 1 1 6 1
1881 13 1 2 4 2
1901 2 1 0 13 0
1901 9 1 7 6 5
1901 3 1 1 12 1
1901 7 1 1 18 1
1901 23 1 1 9 1
1901 14 1 2 18 2
1901 27 1 1 10 1
1901 24 1 1 10 1
1901 30 1 1 11 1
1901 20 1 1 22 1
1901 11 1 1 17 1
1901 5 1 1 12 1
1901 12 1 1 8 1
1901 15 1 1 17 1
1901 8 1 1 19 1
1901 29 1 1 12 1
1901 4 1 2 14 2
1901 1 1 2 14 2
1901 17 1 10 4 7
1901 21 1 4 0 3
1901 16 1 1 0 1
1901 18 1 2 23 2
1901 25 1 2 15 2
1901 6 1 1 4 1
1901 22 1 2 8 2
1901 26 1 7 0 5
1901 19 1 15 0 11
1901 28 1 11 0 8
1901 10 1 15 6 11
1901 13 1 2 4 2
1921 2 1 0 13 0
1921 29 1 1 12 1
1921 8 1 1 19 1
1921 15 1 1 17 1
1921 12 1 1 8 1
1921 5 1 1 12 1
1921 9 1 12 6 9
1921 4 1 2 14 2
1921 1 1 1 14 1
1921 17 1 12 4 9
1921 28 1 11 0 8
1921 10 1 11 6 8
1921 13 1 11 4 8
1921 19 1 11 0 8
1921 26 1 12 0 9
1921 22 1 1 8 1
1921 25 1 2 15 2
1921 18 1 2 23 2
1921 21 1 2 0 2
1921 14 1 2 18 2
1921 3 1 2 12 2
1921 7 1 1 18 1
1921 23 1 1 9 1
1921 27 1 1 10 1
1921 24 1 1 10 1
1921 30 1 1 11 1
1921 20 1 1 22 1
1921 11 1 1 17 1
1921 16 1 1 0 1
1921 6 1 7 4 5
1941 2 1 0 13 0
1941 16 1 2 0 2
1941 11 1 1 17 1
1941 20 1 1 22 1
1941 30 1 1 11 1
1941 24 1 1 10 1
1941 27 1 1 10 1
1941 23 1 2 9 2
1941 7 1 1 18 1
1941 22 1 1 8 1
1941 1 1 2 14 2
1941 5 1 1 12 1
1941 12 1 1 8 1
1941 15 1 1 17 1
1941 8 1 1 19 1
1941 29 1 1 12 1
1941 9 1 8 6 6
1941 4 1 1 14 1
1941 17 1 2 4 2
1941 28 1 4 0 3
1941 10 1 14 6 10
1941 13 1 7 4 5
1941 19 1 5 0 4
1941 26 1 8 0 6
1941 25 1 2 15 2
1941 18 1 2 23 2
1941 21 1 1 0 1
1941 14 1 2 18 2
1941 3 1 4 12 3
1941 6 1 5 4 4
1961 2 1 0 13 0
1961 21 1 4 0 3
1961 4 1 2 14 2
1961 29 1 1 12 1
1961 8 1 1 19 1
1961 15 1 1 17 1
1961 12 1 1 8 1
1961 5 1 1 12 1
1961 22 1 2 8 2
1961 7 1 2 18 2
1961 27 1 1 10 1
1961 24 1 1 10 1
1961 30 1 1 11 1
1961 20 1 1 22 1
1961 11 1 1 17 1
1961 16 1 2 0 2
1961 23 1 1 9 1
1961 1 1 1 14 1
1961 9 1 11 6 8
1961 17 1 10 4 7
1961 28 1 10 0 7
1961 10 1 18 6 13
1961 13 1 15 4 11
1961 19 1 17 0 12
1961 26 1 8 0 6
1961 25 1 1 15 1
1961 18 1 1 23 1
1961 14 1 2 18 2
1961 3 1 1 12 1
1961 6 1 1 4 1
1981 6 1 2 4 2
1981 3 1 4 12 3
1981 18 1 2 23 2
1981 25 1 1 15 1
1981 23 1 2 9 2
1981 11 1 1 17 1
1981 20 1 1 22 1
1981 30 1 1 11 1
1981 24 1 1 10 1
1981 27 1 1 10 1
1981 21 1 4 0 3
1981 22 1 2 8 2
1981 7 1 2 18 2
1981 16 1 1 0 1
1981 19 1 5 0 4
1981 26 1 5 0 4
1981 14 1 1 18 1
1981 13 1 4 4 3
1981 10 1 11 6 8
1981 28 1 11 0 8
1981 17 1 10 4 7
1981 9 1 5 6 4
1981 4 1 4 14 3
1981 29 1 1 12 1
1981 8 1 1 19 1
1981 15 1 1 17 1
1981 12 1 1 8 1
1981 5 1 1 12 1
1981 1 1 4 14 3
1981 2 1 0 13 0
2001 2 1 0 13 0
2001 5 1 1 12 1
2001 12 1 1 8 1
2001 15 1 1 17 1
2001 8 1 1 19 1
2001 29 1 1 12 1
2001 14 1 2 18 2
2001 16 1 1 0 1
2001 27 1 1 10 1
2001 24 1 1 10 1
2001 30 1 1 11 1
2001 20 1 1 22 1
2001 11 1 1 17 1
2001 25 1 2 15 2
2001 6 1 8 4 6
2001 3 1 2 12 2
2001 18 1 2 23 2
2001 23 1 1 9 1
2001 21 1 2 0 2
2001 22 1 2 8 2
2001 7 1 1 18 1
2001 19 1 10 0 7
2001 26 1 14 0 10
2001 13 1 15 4 11
2001 10 1 12 6 9
2001 28 1 10 0 7
2001 17 1 12 4 9
2001 9 1 14 6 10
2001 4 1 4 14 3
2001 1 1 1 14 1
2021 2 1 0 13 0
2021 1 1 1 14 1
2021 7 1 2 18 2
2021 23 1 1 9 1
2021 11 1 1 17 1
2021 20 1 1 22 1
2021 30 1 1 11 1
2021 24 1 1 10 1
2021 27 1 1 10 1
2021 16 1 2 0 2
2021 29 1 1 12 1
2021 8 1 1 19 1
2021 15 1 1 17 1
2021 12 1 1 8 1
2021 5 1 1 12 1
2021 14 1 1 18 1
2021 25 1 2 15 2
2021 6 1 14 4 10
2021 3 1 1 12 1
2021 18 1 1 23 1
2021 21 1 4 0 3
2021 22 1 1 8 1
2021 19 1 18 0 13
2021 26 1 5 0 4
2021 13 1 11 4 8
2021 10 1 17 6 12
2021 28 1 5 0 4
2021 17 1 10 4 7
2021 9 1 15 6 11
2021 4 1 1 14 1
2041 2 1 0 13 0
2041 4 1 1 14 1
2041 5 1 1 12 1
2041 12 1 1 8 1
2041 15 1 1 17 1
2041 8 1 1 19 1
2041 29 1 1 12 1
2041 1 1 1 14 1
2041 13 1 10 4 7
2041 10 1 10 6 7
2041 28 1 10 0 7
2041 17 1 1 4 1
2041 9 1 4 6 3
2041 26 1 11 0 8
2041 19 1 17 0 12
2041 21 1 2 0 2
2041 6 1 14 4 10
2041 25 1 2 15 2
2041 16 1 2 0 2
2041 7 1 2 18 2
2041 23 1 2 9 2
2041 11 1 1 17 1
2041 20 1 1 22 1
2041 30 1 1 11 1
2041 24 1 1 10 1
2041 27 1 1 10 1
2041 14 1 1 18 1
2041 3 1 4 12 3
2041 18 1 1 23 1
2041 22 1 1 8 1
2061 2 1 0 13 0
2061 22 1 2 8 2
2061 18 1 2 23 2
2061 14 1 1 18 1
2061 27 1 1 10 1
2061 24 1 1 10 1
2061 30 1 1 11 1
2061 20 1 1 22 1
2061 11 1 1 17 1
2061 17 1 1 4 1
2061 1 1 1 14 1
2061 29 1 1 12 1
2061 8 1 1 19 1
2061 15 1 1 17 1
2061 12 1 1 8 1
2061 5 1 1 12 1
2061 4 1 2 14 2
2061 13 1 1 4 1
2061 10 1 1 6 1
2061 28 1 1 0 1
2061 9 1 7 6 5
2061 26 1 8 0 6
2061 19 1 8 0 6
2061 21 1 1 0 1
2061 6 1 11 4 8
2061 25 1 1 15 1
2061 16 1 2 0 2
2061 7 1 2 18 2
2061 23 1 2 9 2
2061 3 1 4 12 3
2081 2 1 0 13 0
2081 25 1 1 15 1
2081 21 1 2 0 2
2081 28 1 5 0 4
2081 10 1 1 6 1
2081 13 1 10 4 7
2081 5 1 1 12 1
2081 12 1 1 8 1
2081 15 1 1 17 1
2081 8 1 1 19 1
2081 29 1 1 12 1
2081 1 1 4 14 3
2081 17 1 8 4 6
2081 11 1 1 17 1
2081 20 1 1 22 1
2081 30 1 1 11 1
2081 24 1 1 10 1
2081 27 1 1 10 1
2081 14 1 1 18 1
2081 22 1 2 8 2
2081 18 1 1 23 1
2081 4 1 2 14 2
2081 9 1 1 6 1
2081 26 1 11 0 8
2081 19 1 17 0 12
2081 6 1 7 4 5
2081 16 1 1 0 1
2081 7 1 1 18 1
2081 23 1 2 9 2
2081 3 1 2 12 2
2101 7 1 1 18 1
2101 16 1 1 0 1
2101 18 1 1 23 1
2101 14 1 2 18 2
2101 27 1 1 10 1
2101 24 1 1 10 1
2101 30 1 1 11 1
2101 20 1 1 22 1
2101 11 1 1 17 1
2101 25 1 1 15 1
2101 21 1 1 0 1
2101 22 1 2 8 2
2101 26 1 1 0 1
2101 19 1 11 0 8
2101 6 1 12 4 9
2101 23 1 1 9 1
2101 3 1 4 12 3
2101 4 1 4 14 3
2101 17 1 10 4 7
2101 1 1 4 14 3
2101 13 1 15 4 11
2101 28 1 5 0 4
2101 10 1 5 6 4
2101 5 1 1 12 1
2101 12 1 1 8 1
2101 15 1 1 17 1
2101 8 1 1 19 1
2101 29 1 1 12 1
2101 9 1 17 6 12
2101 2 1 0 13 0
2121 2 1 0 13 0
2121 29 1 1 12 1
2121 8 1 1 19 1
2121 15 1 1 17 1
2121 12 1 1 8 1
2121 5 1 1 12 1
2121 23 1 1 9 1
2121 26 1 5 0 4
2121 21 1 4 0 3
2121 25 1 1 15 1
2121 11 1 1 17 1
2121 20 1 1 22 1
2121 30 1 1 11 1
2121 24 1 1 10 1
2121 27 1 1 10 1
2121 18 1 1 23 1
2121 16 1 1 0 1
2121 7 1 2 18 2
2121 14 1 1 18 1
2121 22 1 2 8 2
2121 19 1 1 0 1
2121 6 1 2 4 2
2121 3 1 4 12 3
2121 4 1 2 14 2
2121 17 1 8 4 6
2121 1 1 4 14 3
2121 13 1 14 4 10
2121 28 1 8 0 6
2121 10 1 1 6 1
2121 9 1 2 6 2
2141 2 1 0 13 0
2141 10 1 8 6 6
2141 19 1 10 0 7
2141 14 1 1 18 1
2141 16 1 1 0 1
2141 18 1 2 23 2
2141 27 1 1 10 1
2141 24 1 1 10 1
2141 30 1 1 11 1
2141 20 1 1 22 1
2141 11 1 1 17 1
2141 25 1 2 15 2
2141 23 1 1 9 1
2141 5 1 1 12 1
2141 12 1 1 8 1
2141 15 1 1 17 1
2141 8 1 1 19 1
2141 29 1 1 12 1
2141 26 1 2 0 2
2141 21 1 4 0 3
2141 7 1 2 18 2
2141 22 1 1 8 1
2141 6 1 14 4 10
2141 3 1 2 12 2
2141 4 1 2 14 2
2141 17 1 7 4 5
2141 1 1 4 14 3
2141 13 1 12 4 9
2141 28 1 11 0 8
2141 9 1 17 6 12
2161 2 1 0 13 0
2161 29 1 1 12 1
2161 8 1 1 19 1
2161 15 1 1 17 1
2161 12 1 1 8 1
2161 5 1 1 12 1
2161 10 1 18 6 13
2161 4 1 2 14 2
2161 17 1 5 4 4
2161 1 1 4 14 3
2161 13 1 10 4 7
2161 28 1 8 0 6
2161 9 1 14 6 10
2161 3 1 2 12 2
2161 6 1 4 4 3
2161 7 1 2 18 2
2161 21 1 4 0 3
2161 26 1 10 0 7
2161 25 1 2 15 2
2161 18 1 2 23 2
2161 19 1 12 0 9
2161 14 1 1 18 1
2161 16 1 2 0 2
2161 27 1 1 10 1
2161 24 1 1 10 1
2161 30 1 1 11 1
2161 20 1 1 22 1
2161 11 1 1 17 1
2161 23 1 2 9 2
2161 22 1 1 8 1
2181 2 1 0 13 0
2181 22 1 1 8 1
2181 11 1 1 17 1
2181 20 1 1 22 1
2181 30 1 1 11 1
2181 24 1 1 10 1
2181 27 1 1 10 1
2181 14 1 2 18 2
2181 5 1 1 12 1
2181 12 1 1 8 1
2181 15 1 1 17 1
2181 8 1 1 19 1
2181 29 1 1 12 1
2181 10 1 4 6 3
2181 4 1 4 14 3
2181 17 1 5 4 4
2181 1 1 2 14 2
2181 13 1 15 4 11
2181 28 1 12 0 9
2181 9 1 11 6 8
2181 3 1 2 12 2
2181 6 1 2 4 2
2181 7 1 2 18 2
2181 21 1 4 0 3
2181 26 1 4 0 3
2181 25 1 2 15 2
2181 18 1 1 23 1
2181 19 1 8 0 6
2181 16 1 2 0 2
2181 23 1 2 9 2
2201 2 1 0 13 0
2201 18 1 1 23 1
2201 29 1 1 12 1
2201 8 1 1 19 1
2201 15 1 1 17 1
2201 12 1 1 8 1
2201 5 1 1 12 1
2201 27 1 1 10 1
2201 24 1 1 10 1
2201 30 1 1 11 1
2201 20 1 1 22 1
2201 11 1 1 17 1
2201 22 1 1 8 1
2201 14 1 1 18 1
2201 10 1 7 6 5
2201 4 1 1 14 1
2201 17 1 7 4 5
2201 1 1 2 14 2
2201 13 1 10 4 7
2201 28 1 10 0 7
2201 9 1 15 6 11
2201 3 1 4 12 3
2201 6 1 7 4 5
2201 7 1 2 18 2
2201 21 1 1 0 1
2201 26 1 12 0 9
2201 25 1 2 15 2
2201 19 1 17 0 12
2201 16 1 2 0 2
2201 23 1 2 9 2
2221 21 1 1 0 1
2221 14 1 1 18 1
2221 22 1 1 8 1
2221 11 1 1 17 1
2221 20 1 1 22 1
2221 30 1 1 11 1
2221 24 1 1 10 1
2221 27 1 1 10 1
2221 18 1 2 23 2
2221 3 1 1 12 1
2221 6 1 5 4 4
2221 7 1 1 18 1
2221 26 1 4 0 3
2221 25 1 2 15 2
2221 19 1 2 0 2
2221 16 1 2 0 2
2221 23 1 2 9 2
2221 9 1 1 6 1
2221 28 1 12 0 9
2221 13 1 1 4 1
2221 1 1 2 14 2
2221 17 1 8 4 6
2221 10 1 5 6 4
2221 29 1 1 12 1
2221 8 1 1 19 1
2221 15 1 1 17 1
2221 12 1 1 8 1
2221 5 1 1 12 1
2221 4 1 2 14 2
2221 2 1 0 13 0
2241 2 1 0 13 0
2241 5 1 1 12 1
2241 12 1 1 8 1
2241 15 1 1 17 1
2241 8 1 1 19 1
2241 29 1 1 12 1
2241 13 1 7 4 5
2241 9 1 4 6 3
2241 7 1 1 18 1
2241 3 1 1 12 1
2241 27 1 1 10 1
2241 24 1 1 10 1
2241 30 1 1 11 1
2241 20 1 1 22 1
2241 11 1 1 17 1
2241 22 1 1 8 1
2241 14 1 1 18 1
2241 21 1 2 0 2
2241 18 1 2 23 2
2241 6 1 4 4 3
2241 26 1 1 0 1
2241 25 1 2 15 2
2241 19 1 11 0 8
2241 16 1 2 0 2
2241 23 1 2 9 2
2241 28 1 5 0 4
2241 1 1 4 14 3
2241 17 1 2 4 2
2241 10 1 7 6 5
2241 4 1 4 14 3
2261 2 1 0 13 0
2261 26 1 12 0 9
2261 14 1 1 18 1
2261 22 1 1 8 1
2261 11 1 1 17 1
2261 20 1 1 22 1
2261 30 1 1 11 1
2261 24 1 1 10 1
2261 27 1 1 10 1
2261 3 1 2 12 2
2261 7 1 2 18 2
2261 29 1 1 12 1
2261 8 1 1 19 1
2261 15 1 1 17 1
2261 12 1 1 8 1
2261 5 1 1 12 1
2261 13 1 1 4 1
2261 9 1 2 6 2
2261 21 1 1 0 1
2261 18 1 1 23 1
2261 6 1 14 4 10
2261 25 1 2 15 2
2261 19 1 12 0 9
2261 16 1 2 0 2
2261 23 1 2 9 2
2261 28 1 2 0 2
2261 1 1 1 14 1
2261 17 1 1 4 1
2261 10 1 11 6 8
2261 4 1 2 14 2
2281 2 1 0 13 0
2281 17 1 8 4 6
2281 1 1 4 14 3
2281 13 1 15 4 11
2281 5 1 1 12 1
2281 12 1 1 8 1
2281 15 1 1 17 1
2281 8 1 1 19 1
2281 29 1 1 12 1
2281 9 1 12 6 9
2281 28 1 2 0 2
2281 10 1 12 6 9
2281 4 1 2 14 2
2281 23 1 2 9 2
2281 16 1 1 0 1
2281 19 1 15 0 11
2281 25 1 1 15 1
2281 6 1 12 4 9
2281 7 1 1 18 1
2281 3 1 1 12 1
2281 26 1 2 0 2
2281 14 1 1 18 1
2281 22 1 2 8 2
2281 11 1 1 17 1
2281 20 1 1 22 1
2281 30 1 1 11 1
2281 24 1 1 10 1
2281 27 1 1 10 1
2281 21 1 1 0 1
2281 18 1 1 23 1
2301 2 1 0 13 0
2301 18 1 2 23 2
2301 21 1 2 0 2
2301 27 1 1 10 1
2301 24 1 1 10 1
2301 30 1 1 11 1
2301 20 1 1 22 1
2301 11 1 1 17 1
2301 14 1 2 18 2
2301 3 1 1 12 1
2301 7 1 1 18 1
2301 25 1 1 15 1
2301 16 1 2 0 2
2301 29 1 1 12 1
2301 8 1 1 19 1
2301 15 1 1 17 1
2301 12 1 1 8 1
2301 5 1 1 12 1
2301 17 1 12 4 9
2301 1 1 1 14 1
2301 13 1 5 4 4
2301 9 1 11 6 8
2301 28 1 5 0 4
2301 10 1 18 6 13
2301 4 1 2 14 2
2301 23 1 2 9 2
2301 19 1 17 0 12
2301 6 1 2 4 2
2301 26 1 8 0 6
2301 22 1 2 8 2
2321 2 1 0 13 0
2321 1 1 1 14 1
2321 5 1 1 12 1
2321 12 1 1 8 1
2321 15 1 1 17 1
2321 8 1 1 19 1
2321 29 1 1 12 1
2321 25 1 1 15 1
2321 7 1 2 18 2
2321 3 1 1 12 1
2321 11 1 1 17 1
2321 20 1 1 22 1
2321 30 1 1 11 1
2321 24 1 1 10 1
2321 27 1 1 10 1
2321 18 1 2 23 2
2321 21 1 1 0 1
2321 14 1 1 18 1
2321 16 1 1 0 1
2321 17 1 7 4 5
2321 13 1 14 4 10
2321 9 1 1 6 1
2321 28 1 11 0 8
2321 10 1 11 6 8
2321 4 1 1 14 1
2321 23 1 1 9 1
2321 19 1 8 0 6
2321 6 1 12 4 9
2321 26 1 8 0 6
2321 22 1 1 8 1
2341 22 1 2 8 2
2341 23 1 1 9 1
2341 16 1 2 0 2
2341 14 1 2 18 2
2341 21 1 1 0 1
2341 27 1 1 10 1
2341 24 1 1 10 1
2341 30 1 1 11 1
2341 20 1 1 22 1
2341 11 1 1 17 1
2341 3 1 2 12 2
2341 25 1 1 15 1
2341 7 1 2 18 2
2341 18 1 1 23 1
2341 19 1 4 0 3
2341 6 1 7 4 5
2341 26 1 8 0 6
2341 10 1 17 6 12
2341 28 1 7 0 5
2341 13 1 5 4 4
2341 17 1 12 4 9
2341 1 1 4 14 3
2341 5 1 1 12 1
2341 12 1 1 8 1
2341 15 1 1 17 1
2341 8 1 1 19 1
2341 29 1 1 12 1
2341 9 1 14 6 10
2341 4 1 4 14 3
2341 2 1 0 13 0
2361 2 1 0 13 0
2361 29 1 1 12 1
2361 8 1 1 19 1
2361 15 1 1 17 1
2361 12 1 1 8 1
2361 5 1 1 12 1
2361 18 1 2 23 2
2361 25 1 1 15 1
2361 11 1 1 17 1
2361 20 1 1 22 1
2361 30 1 1 11 1
2361 24 1 1 10 1
2361 27 1 1 10 1
2361 21 1 4 0 3
2361 23 1 2 9 2
2361 22 1 1 8 1
2361 16 1 2 0 2
2361 14 1 2 18 2
2361 3 1 1 12 1
2361 7 1 2 18 2
2361 19 1 10 0 7
2361 6 1 12 4 9
2361 26 1 12 0 9
2361 10 1 4 6 3
2361 28 1 8 0 6
2361 13 1 11 4 8
2361 17 1 1 4 1
2361 1 1 2 14 2
2361 9 1 12 6 9
2361 4 1 1 14 1
2381 2 1 0 13 0
2381 4 1 1 14 1
2381 17 1 11 4 8
2381 3 1 4 12 3
2381 22 1 1 8 1
2381 27 1 1 10 1
2381 24 1 1 10 1
2381 30 1 1 11 1
2381 20 1 1 22 1
2381 11 1 1 17 1
2381 25 1 2 15 2
2381 5 1 1 12 1
2381 12 1 1 8 1
2381 15 1 1 17 1
2381 8 1 1 19 1
2381 29 1 1 12 1
2381 18 1 1 23 1
2381 21 1 2 0 2
2381 23 1 2 9 2
2381 16 1 1 0 1
2381 14 1 2 18 2
2381 7 1 2 18 2
2381 19 1 2 0 2
2381 6 1 4 4 3
2381 26 1 14 0 10
2381 10 1 15 6 11
2381 28 1 11 0 8
2381 13 1 7 4 5
2381 1 1 4 14 3
2381 9 1 10 6 7
2401 2 1 0 13 0
2401 29 1 1 12 1
2401 8 1 1 19 1
2401 15 1 1 17 1
2401 12 1 1 8 1
2401 5 1 1 12 1
2401 4 1 1 14 1
2401 17 1 2 4 2
2401 10 1 4 6 3
2401 28 1 12 0 9
2401 13 1 8 4 6
2401 1 1 2 14 2
2401 9 1 12 6 9
2401 26 1 7 0 5
2401 6 1 1 4 1
2401 19 1 11 0 8
2401 7 1 1 18 1
2401 14 1 2 18 2
2401 23 1 2 9 2
2401 21 1 4 0 3
2401 25 1 1 15 1
2401 3 1 4 12 3
2401 22 1 1 8 1
2401 27 1 1 10 1
2401 24 1 1 10 1
2401 30 1 1 11 1
2401 20 1 1 22 1
2401 11 1 1 17 1
2401 18 1 2 23 2
2401 16 1 1 0 1
2421 2 1 0 13 0
2421 16 1 1 0 1
2421 11 1 1 17 1
2421 20 1 1 22 1
2421 30 1 1 11 1
2421 24 1 1 10 1
2421 27 1 1 10 1
2421 22 1 2 8 2
2421 25 1 2 15 2
2421 7 1 1 18 1
2421 6 1 4 4 3
2421 4 1 4 14 3
2421 5 1 1 12 1
2421 12 1 1 8 1
2421 15 1 1 17 1
2421 8 1 1 19 1
2421 29 1 1 12 1
2421 17 1 12 4 9
2421 10 1 8 6 6
2421 28 1 2 0 2
2421 13 1 4 4 3
2421 1 1 4 14 3
2421 9 1 4 6 3
2421 26 1 11 0 8
2421 19 1 2 0 2
2421 14 1 1 18 1
2421 23 1 2 9 2
2421 21 1 4 0 3
2421 3 1 4 12 3
2421 18 1 2 23 2
2441 2 1 0 13 0
2441 14 1 1 18 1
2441 29 1 1 12 1
2441 8 1 1 19 1
2441 15 1 1 17 1
2441 12 1 1 8 1
2441 5 1 1 12 1
2441 7 1 2 18 2
2441 27 1 1 10 1
2441 24 1 1 10 1
2441 30 1 1 11 1
2441 20 1 1 22 1
2441 11 1 1 17 1
2441 16 1 2 0 2
2441 22 1 2 8 2
2441 25 1 1 15 1
2441 6 1 10 4 7
2441 4 1 4 14 3
2441 17 1 10 4 7
2441 10 1 12 6 9
2441 28 1 10 0 7
2441 13 1 14 4 10
2441 1 1 2 14 2
2441 9 1 12 6 9
2441 26 1 10 0 7
2441 19 1 8 0 6
2441 23 1 1 9 1
2441 21 1 1 0 1
2441 3 1 1 12 1
2441 18 1 1 23 1
2461 18 1 2 23 2
2461 3 1 2 12 2
2461 21 1 4 0 3
2461 23 1 2 9 2
2461 25 1 2 15 2
2461 11 1 1 17 1
2461 20 1 1 22 1
2461 30 1 1 11 1
2461 24 1 1 10 1
2461 27 1 1 10 1
2461 14 1 2 18 2
2461 7 1 1 18 1
2461 16 1 1 0 1
2461 22 1 1 8 1
2461 6 1 2 4 2
2461 26 1 14 0 10
2461 19 1 14 0 10
2461 9 1 11 6 8
2461 1 1 1 14 1
2461 13 1 10 4 7
2461 28 1 7 0 5
2461 10 1 4 6 3
2461 17 1 7 4 5
2461 4 1 4 14 3
2461 29 1 1 12 1
2461 8 1 1 19 1
2461 15 1 1 17 1
2461 12 1 1 8 1
2461 5 1 1 12 1
2461 2 1 0 13 0
2481 2 1 0 13 0
2481 5 1 1 12 1
2481 12 1 1 8 1
2481 15 1 1 17 1
2481 8 1 1 19 1
2481 29 1 1 12 1
2481 1 1 1 14 1
2481 22 1 2 8 2
2481 16 1 1 0 1
2481 7 1 1 18 1
2481 27 1 1 10 1
2481 24 1 1 10 1
2481 30 1 1 11 1
2481 20 1 1 22 1
2481 11 1 1 17 1
2481 18 1 1 23 1
2481 3 1 2 12 2
2481 21 1 4 0 3
2481 23 1 1 9 1
2481 25 1 2 15 2
2481 14 1 2 18 2
2481 6 1 8 4 6
2481 26 1 12 0 9
2481 19 1 12 0 9
2481 9 1 2 6 2
2481 13 1 8 4 6
2481 28 1 11 0 8
2481 10 1 7 6 5
2481 17 1 5 4 4
2481 4 1 4 14 3
2501 2 1 0 13 0
2501 23 1 1 9 1
2501 18 1 2 23 2
2501 11 1 1 17 1
2501 20 1 1 22 1
2501 30 1 1 11 1
2501 24 1 1 10 1
2501 27 1 1 10 1
2501 7 1 2 18 2
2501 16 1 2 0 2
2501 1 1 4 14 3
2501 29 1 1 12 1
2501 8 1 1 19 1
2501 15 1 1 17 1
2501 12 1 1 8 1
2501 5 1 1 12 1
2501 22 1 1 8 1
2501 3 1 4 12 3
2501 21 1 2 0 2
2501 25 1 1 15 1
2501 14 1 1 18 1
2501 6 1 4 4 3
2501 26 1 1 0 1
2501 19 1 1 0 1
2501 9 1 8 6 6
2501 13 1 10 4 7
2501 28 1 11 0 8
2501 10 1 7 6 5
2501 17 1 4 4 3
2501 4 1 4 14 3
2521 2 1 0 13 0
2521 5 1 1 12 1
2521 12 1 1 8 1
2521 15 1 1 17 1
2521 8 1 1 19 1
2521 29 1 1 12 1
2521 1 1 4 14 3
2521 9 1 7 6 5
2521 13 1 12 4 9
2521 28 1 12 0 9
2521 10 1 2 6 2
2521 17 1 12 4 9
2521 4 1 2 14 2
2521 6 1 7 4 5
2521 21 1 2 0 2
2521 3 1 1 12 1
2521 16 1 2 0 2
2521 7 1 2 18 2
2521 18 1 1 23 1
2521 23 1 1 9 1
2521 11 1 1 17 1
2521 20 1 1 22 1
2521 30 1 1 11 1
2521 24 1 1 10 1
2521 27 1 1 10 1
2521 22 1 1 8 1
2521 25 1 1 15 1
2521 14 1 2 18 2
2521 26 1 4 0 3
2521 19 1 14 0 10
2541 2 1 0 13 0
2541 25 1 2 15 2
2541 22 1 1 8 1
2541 27 1 1 10 1
2541 24 1 1 10 1
2541 30 1 1 11 1
2541 20 1 1 22 1
2541 11 1 1 17 1
2541 23 1 2 9 2
2541 18 1 2 23 2
2541 3 1 2 12 2
2541 29 1 1 12 1
2541 8 1 1 19 1
2541 15 1 1 17 1
2541 12 1 1 8 1
2541 5 1 1 12 1
2541 1 1 2 14 2
2541 9 1 17 6 12
2541 13 1 7 4 5
2541 28 1 10 0 7
2541 10 1 11 6 8
2541 17 1 1 4 1
2541 4 1 2 14 2
2541 6 1 7 4 5
2541 21 1 2 0 2
2541 16 1 2 0 2
2541 7 1 2 18 2
2541 14 1 2 18 2
2541 26 1 11 0 8
2541 19 1 12 0 9
2561 2 1 0 13 0
2561 17 1 8 4 6
2561 5 1 1 12 1
2561 12 1 1 8 1
2561 15 1 1 17 1
2561 8 1 1 19 1
2561 29 1 1 12 1
2561 11 1 1 17 1
2561 20 1 1 22 1
2561 30 1 1 11 1
2561 24 1 1 10 1
2561 27 1 1 10 1
2561 22 1 2 8 2
2561 25 1 1 15 1
2561 23 1 2 9 2
2561 18 1 2 23 2
2561 3 1 1 12 1
2561 1 1 1 14 1
2561 9 1 10 6 7
2561 13 1 5 4 4
2561 28 1 1 0 1
2561 10 1 18 6 13
2561 4 1 2 14 2
2561 6 1 8 4 6
2561 21 1 1 0 1
2561 16 1 2 0 2
2561 7 1 1 18 1
2561 14 1 2 18 2
2561 26 1 12 0 9
2561 19 1 14 0 10
2581 7 1 2 18 2
2581 21 1 4 0 3
2581 3 1 1 12 1
2581 25 1 2 15 2
2581 27 1 1 10 1
2581 24 1 1 10 1
2581 30 1 1 11 1
2581 20 1 1 22 1
2581 11 1 1 17 1
2581 22 1 1 8 1
2581 23 1 1 9 1
2581 18 1 1 23 1
2581 6 1 5 4 4
2581 16 1 2 0 2
2581 14 1 1 18 1
2581 26 1 11 0 8
2581 19 1 2 0 2
2581 4 1 4 14 3
2581 10 1 18 6 13
2581 13 1 11 4 8
2581 9 1 2 6 2
2581 17 1 4 4 3
2581 5 1 1 12 1
2581 12 1 1 8 1
2581 15 1 1 17 1
2581 8 1 1 19 1
2581 29 1 1 12 1
2581 1 1 4 14 3
2581 28 1 8 0 6
2581 2 1 0 13 0
2601 2 1 0 13 0
2601 29 1 1 12 1
2601 8 1 1 19 1
2601 15 1 1 17 1
2601 12 1 1 8 1
2601 5 1 1 12 1
2601 14 1 1 18 1
2601 18 1 1 23 1
2601 23 1 2 9 2
2601 22 1 2 8 2
2601 11 1 1 17 1
2601 20 1 1 22 1
2601 30 1 1 11 1
2601 24 1 1 10 1
2601 27 1 1 10 1
2601 3 1 4 12 3
2601 7 1 2 18 2
2601 21 1 1 0 1
2601 25 1 1 15 1
2601 6 1 8 4 6
2601 16 1 1 0 1
2601 26 1 14 0 10
2601 19 1 14 0 10
2601 4 1 4 14 3
2601 10 1 12 6 9
2601 13 1 10 4 7
2601 9 1 1 6 1
2601 17 1 10 4 7
2601 1 1 2 14 2
2601 28 1 4 0 3
2621 2 1 0 13 0
2621 9 1 1 6 1
2621 16 1 1 0 1
2621 25 1 1 15 1
2621 21 1 2 0 2
2621 27 1 1 10 1
2621 24 1 1 10 1
2621 30 1 1 11 1
2621 20 1 1 22 1
2621 11 1 1 17 1
2621 18 1 2 23 2
2621 14 1 2 18 2
2621 5 1 1 12 1
2621 12 1 1 8 1
2621 15 1 1 17 1
2621 8 1 1 19 1
2621 29 1 1 12 1
2621 23 1 1 9 1
2621 22 1 2 8 2
2621 3 1 2 12 2
2621 7 1 1 18 1
2621 6 1 1 4 1
2621 26 1 7 0 5
2621 19 1 8 0 6
2621 4 1 4 14 3
2621 10 1 2 6 2
2621 13 1 8 4 6
2621 17 1 5 4 4
2621 1 1 4 14 3
2621 28 1 5 0 4
2641 2 1 0 13 0
2641 29 1 1 12 1
2641 8 1 1 19 1
2641 15 1 1 17 1
2641 12 1 1 8 1
2641 5 1 1 12 1
2641 9 1 14 6 10
2641 4 1 2 14 2
2641 10 1 5 6 4
2641 13 1 7 4 5
2641 17 1 5 4 4
2641 1 1 2 14 2
2641 28 1 4 0 3
2641 19 1 11 0 8
2641 26 1 7 0 5
2641 3 1 1 12 1
2641 22 1 2 8 2
2641 14 1 1 18 1
2641 18 1 2 23 2
2641 21 1 1 0 1
2641 16 1 1 0 1
2641 25 1 2 15 2
2641 27 1 1 10 1
2641 24 1 1 10 1
2641 30 1 1 11 1
2641 20 1 1 22 1
2641 11 1 1 17 1
2641 23 1 1 9 1
2641 7 1 1 18 1
2641 6 1 8 4 6
2661 2 1 0 13 0
2661 7 1 1 18 1
2661 23 1 1 9 1
2661 11 1 1 17 1
2661 20 1 1 22 1
2661 30 1 1 11 1
2661 24 1 1 10 1
2661 27 1 1 10 1
2661 16 1 1 0 1
2661 21 1 1 0 1
2661 14 1 2 18 2
2661 3 1 4 12 3
2661 5 1 1 12 1
2661 12 1 1 8 1
2661 15 1 1 17 1
2661 8 1 1 19 1
2661 29 1 1 12 1
2661 9 1 10 6 7
2661 4 1 4 14 3
2661 10 1 17 6 12
2661 13 1 5 4 4
2661 17 1 4 4 3
2661 1 1 4 14 3
2661 28 1 8 0 6
2661 19 1 17 0 12
2661 26 1 8 0 6
2661 22 1 1 8 1
2661 18 1 1 23 1
2661 25 1 1 15 1
2661 6 1 2 4 2
2681 2 1 0 13 0
2681 25 1 1 15 1
2681 18 1 2 23 2
2681 22 1 2 8 2
2681 29 1 1 12 1
2681 8 1 1 19 1
2681 15 1 1 17 1
2681 12 1 1 8 1
2681 5 1 1 12 1
2681 21 1 4 0 3
2681 16 1 1 0 1
2681 27 1 1 10 1
2681 24 1 1 10 1
2681 30 1 1 11 1
2681 20 1 1 22 1
2681 11 1 1 17 1
2681 23 1 1 9 1
2681 7 1 1 18 1
2681 14 1 2 18 2
2681 3 1 1 12 1
2681 9 1 12 6 9
2681 4 1 4 14 3
2681 10 1 18 6 13
2681 13 1 4 4 3
2681 17 1 4 4 3
2681 1 1 4 14 3
2681 28 1 11 0 8
2681 19 1 4 0 3
2681 26 1 5 0 4
2681 6 1 7 4 5
2701 3 1 4 12 3
2701 7 1 1 18 1
2701 23 1 2 9 2
2701 11 1 1 17 1
2701 20 1 1 22 1
2701 30 1 1 11 1
2701 24 1 1 10 1
2701 27 1 1 10 1
2701 16 1 2 0 2
2701 25 1 2 15 2
2701 18 1 1 23 1
2701 22 1 1 8 1
2701 21 1 2 0 2
2701 14 1 2 18 2
2701 19 1 11 0 8
2701 26 1 1 0 1
2701 6 1 14 4 10
2701 28 1 4 0 3
2701 1 1 2 14 2
2701 17 1 10 4 7
2701 13 1 12 4 9
2701 10 1 15 6 11
2701 4 1 1 14 1
2701 9 1 7 6 5
2701 29 1 1 12 1
2701 8 1 1 19 1
2701 15 1 1 17 1
2701 12 1 1 8 1
2701 5 1 1 12 1
2701 2 1 0 13 0
2721 2 1 0 13 0
2721 5 1 1 12 1
2721 12 1 1 8 1
2721 15 1 1 17 1
2721 8 1 1 19 1
2721 29 1 1 12 1
2721 4 1 4 14 3
2721 26 1 8 0 6
2721 22 1 2 8 2
2721 18 1 1 23 1
2721 27 1 1 10 1
2721 24 1 1 10 1
2721 30 1 1 11 1
2721 20 1 1 22 1
2721 11 1 1 17 1
2721 7 1 1 18 1
2721 3 1 2 12 2
2721 23 1 1 9 1
2721 16 1 2 0 2
2721 25 1 1 15 1
2721 21 1 4 0 3
2721 14 1 1 18 1
2721 19 1 15 0 11
2721 6 1 10 4 7
2721 28 1 5 0 4
2721 1 1 2 14 2
2721 17 1 7 4 5
2721 13 1 8 4 6
2721 10 1 10 6 7
2721 9 1 2 6 2
2741 2 1 0 13 0
2741 14 1 2 18 2
2741 25 1 1 15 1
2741 23 1 2 9 2
2741 7 1 1 18 1
2741 11 1 1 17 1
2741 20 1 1 22 1
2741 30 1 1 11 1
2741 24 1 1 10 1
2741 27 1 1 10 1
2741 18 1 2 23 2
2741 29 1 1 12 1
2741 8 1 1 19 1
2741 15 1 1 17 1
2741 12 1 1 8 1
2741 5 1 1 12 1
2741 4 1 1 14 1
2741 26 1 10 0 7
2741 22 1 1 8 1
2741 3 1 4 12 3
2741 16 1 2 0 2
2741 21 1 2 0 2
2741 19 1 18 0 13
2741 6 1 1 4 1
2741 28 1 11 0 8
2741 1 1 2 14 2
2741 17 1 11 4 8
2741 13 1 10 4 7
2741 10 1 8 6 6
2741 9 1 10 6 7
2761 2 1 0 13 0
2761 4 1 2 14 2
2761 5 1 1 12 1
2761 12 1 1 8 1
2761 15 1 1 17 1
2761 8 1 1 19 1
2761 29 1 1 12 1
2761 28 1 12 0 9
2761 1 1 1 14 1
2761 17 1 4 4 3
2761 13 1 11 4 8
2761 10 1 8 6 6
2761 9 1 10 6 7
2761 19 1 11 0 8
2761 21 1 4 0 3
2761 16 1 2 0 2
2761 3 1 1 12 1
2761 26 1 5 0 4
2761 18 1 1 23 1
2761 23 1 2 9 2
2761 14 1 2 18 2
2761 25 1 1 15 1
2761 7 1 2 18 2
2761 11 1 1 17 1
2761 20 1 1 22 1
2761 30 1 1 11 1
2761 24 1 1 10 1
2761 27 1 1 10 1
2761 22 1 2 8 2
2761 6 1 4 4 3
2781 2 1 0 13 0
2781 27 1 1 10 1
2781 24 1 1 10 1
2781 30 1 1 11 1
2781 20 1 1 22 1
2781 11 1 1 17 1
2781 25 1 1 15 1
2781 18 1 2 23 2
2781 3 1 4 12 3
2781 1 1 1 14 1
2781 29 1 1 12 1
2781 8 1 1 19 1
2781 15 1 1 17 1
2781 12 1 1 8 1
2781 5 1 1 12 1
2781 4 1 4 14 3
2781 28 1 10 0 7
2781 17 1 2 4 2
2781 13 1 5 4 4
2781 10 1 1 6 1
2781 9 1 1 6 1
2781 19 1 1 0 1
2781 21 1 2 0 2
2781 16 1 2 0 2
2781 26 1 5 0 4
2781 23 1 2 9 2
2781 14 1 1 18 1
2781 7 1 2 18 2
2781 22 1 1 8 1
2781 6 1 7 4 5
2801 2 1 0 13 0
2801 22 1 2 8 2
2801 14 1 1 18 1
2801 19 1 18 0 13
2801 9 1 14 6 10
2801 10 1 7 6 5
2801 5 1 1 12 1
2801 12 1 1 8 1
2801 15 1 1 17 1
2801 8 1 1 19 1
2801 29 1 1 12 1
2801 1 1 1 14 1
2801 25 1 1 15 1
2801 11 1 1 17 1
2801 20 1 1 22 1
2801 30 1 1 11 1
2801 24 1 1 10 1
2801 27 1 1 10 1
2801 18 1 2 23 2
2801 3 1 2 12 2
2801 4 1 2 14 2
2801 28 1 11 0 8
2801 17 1 4 4 3
2801 13 1 11 4 8
2801 21 1 1 0 1
2801 16 1 2 0 2
2801 26 1 2 0 2
2801 23 1 2 9 2
2801 7 1 1 18 1
2801 6 1 11 4 8
2821 7 1 1 18 1
2821 21 1 1 0 1
2821 27 1 1 10 1
2821 24 1 1 10 1
2821 30 1 1 11 1
2821 20 1 1 22 1
2821 11 1 1 17 1
2821 25 1 1 15 1
2821 14 1 2 18 2
2821 22 1 2 8 2
2821 19 1 1 0 1
2821 18 1 1 23 1
2821 3 1 1 12 1
2821 16 1 1 0 1
2821 26 1 14 0 10
2821 23 1 1 9 1
2821 6 1 2 4 2
2821 13 1 12 4 9
2821 17 1 5 4 4
2821 28 1 4 0 3
2821 4 1 2 14 2
2821 10 1 17 6 12
2821 9 1 5 6 4
2821 5 1 1 12 1
2821 12 1 1 8 1
2821 15 1 1 17 1
2821 8 1 1 19 1
2821 29 1 1 12 1
2821 1 1 1 14 1
2821 2 1 0 13 0
2841 2 1 0 13 0
2841 1 1 2 14 2
2841 29 1 1 12 1
2841 8 1 1 19 1
2841 15 1 1 17 1
2841 12 1 1 8 1
2841 5 1 1 12 1
2841 23 1 2 9 2
2841 16 1 1 0 1
2841 3 1 1 12 1
2841 18 1 1 23 1
2841 19 1 14 0 10
2841 25 1 2 15 2
2841 11 1 1 17 1
2841 20 1 1 22 1
2841 30 1 1 11 1
2841 24 1 1 10 1
2841 27 1 1 10 1
2841 21 1 4 0 3
2841 7 1 2 18 2
2841 14 1 1 18 1
2841 22 1 1 8 1
2841 26 1 11 0 8
2841 6 1 8 4 6
2841 13 1 1 4 1
2841 17 1 8 4 6
2841 28 1 10 0 7
2841 4 1 4 14 3
2841 10 1 18 6 13
2841 9 1 1 6 1
2861 2 1 0 13 0
2861 9 1 7 6 5
2861 13 1 12 4 9
2861 22 1 1 8 1
2861 14 1 1 18 1
2861 27 1 1 10 1
2861 24 1 1 10 1
2861 30 1 1 11 1
2861 20 1 1 22 1
2861 11 1 1 17 1
2861 18 1 1 23 1
2861 3 1 2 12 2
2861 16 1 1 0 1
2861 5 1 1 12 1
2861 12 1 1 8 1
2861 15 1 1 17 1
2861 8 1 1 19 1
2861 29 1 1 12 1
2861 1 1 4 14 3
2861 23 1 1 9 1
2861 19 1 2 0 2
2861 25 1 2 15 2
2861 21 1 2 0 2
2861 7 1 1 18 1
2861 26 1 1 0 1
2861 6 1 7 4 5
2861 17 1 12 4 9
2861 28 1 4 0 3
2861 4 1 1 14 1
2861 10 1 14 6 10
2881 2 1 0 13 0
2881 4 1 1 14 1
2881 29 1 1 12 1
2881 8 1 1 19 1
2881 15 1 1 17 1
2881 12 1 1 8 1
2881 5 1 1 12 1
2881 9 1 15 6 11
2881 13 1 2 4 2
2881 1 1 2 14 2
2881 17 1 11 4 8
2881 28 1 2 0 2
2881 10 1 8 6 6
2881 6 1 5 4 4
2881 21 1 1 0 1
2881 25 1 1 15 1
2881 19 1 14 0 10
2881 3 1 1 12 1
2881 22 1 1 8 1
2881 14 1 2 18 2
2881 27 1 1 10 1
2881 24 1 1 10 1
2881 30 1 1 11 1
2881 20 1 1 22 1
2881 11 1 1 17 1
2881 18 1 1 23 1
2881 16 1 2 0 2
2881 23 1 2 9 2
2881 7 1 1 18 1
2881 26 1 11 0 8
2901 2 1 0 13 0
2901 7 1 2 18 2
2901 18 1 2 23 2
2901 11 1 1 17 1
2901 20 1 1 22 1
2901 30 1 1 11 1
2901 24 1 1 10 1
2901 27 1 1 10 1
2901 22 1 1 8 1
2901 3 1 1 12 1
2901 25 1 2 15 2
2901 21 1 4 0 3
2901 5 1 1 12 1
2901 12 1 1 8 1
2901 15 1 1 17 1
2901 8 1 1 19 1
2901 29 1 1 12 1
2901 4 1 4 14 3
2901 9 1 14 6 10
2901 13 1 12 4 9
2901 1 1 1 14 1
2901 17 1 1 4 1
2901 28 1 11 0 8
2901 10 1 18 6 13
2901 6 1 5 4 4
2901 19 1 8 0 6
2901 14 1 2 18 2
2901 16 1 1 0 1
2901 23 1 2 9 2
2901 26 1 14 0 10
2921 2 1 0 13 0
2921 16 1 2 0 2
2921 17 1 11 4 8
2921 1 1 2 14 2
2921 29 1 1 12 1
2921 8 1 1 19 1
2921 15 1 1 17 1
2921 12 1 1 8 1
2921 5 1 1 12 1
2921 3 1 4 12 3
2921 22 1 2 8 2
2921 27 1 1 10 1
2921 24 1 1 10 1
2921 30 1 1 11 1
2921 20 1 1 22 1
2921 11 1 1 17 1
2921 7 1 2 18 2
2921 18 1 1 23 1
2921 25 1 1 15 1
2921 21 1 2 0 2
2921 4 1 2 14 2
2921 9 1 12 6 9
2921 13 1 5 4 4
2921 28 1 5 0 4
2921 10 1 1 6 1
2921 6 1 2 4 2
2921 19 1 5 0 4
2921 14 1 2 18 2
2921 23 1 1 9 1
2921 26 1 8 0 6
2941 23 1 1 9 1
2941 25 1 2 15 2
2941 18 1 1 23 1
2941 11 1 1 17 1
2941 20 1 1 22 1
2941 30 1 1 11 1
2941 24 1 1 10 1
2941 27 1 1 10 1
2941 16 1 1 0 1
2941 3 1 4 12 3
2941 22 1 2 8 2
2941 7 1 2 18 2
2941 21 1 1 0 1
2941 6 1 5 4 4
2941 19 1 17 0 12
2941 14 1 2 18 2
2941 26 1 10 0 7
2941 28 1 11 0 8
2941 13 1 5 4 4
2941 9 1 11 6 8
2941 4 1 4 14 3
2941 1 1 4 14 3
2941 17 1 5 4 4
2941 29 1 1 12 1
2941 8 1 1 19 1
2941 15 1 1 17 1
2941 12 1 1 8 1
2941 5 1 1 12 1
2941 10 1 1 6 1
2941 2 1 0 13 0
2961 2 1 0 13 0
2961 10 1 7 6 5
2961 5 1 1 12 1
2961 12 1 1 8 1
2961 15 1 1 17 1
2961 8 1 1 19 1
2961 29 1 1 12 1
2961 21 1 1 0 1
2961 16 1 1 0 1
2961 27 1 1 10 1
2961 24 1 1 10 1
2961 30 1 1 11 1
2961 20 1 1 22 1
2961 11 1 1 17 1
2961 18 1 2 23 2
2961 23 1 1 9 1
2961 25 1 1 15 1
2961 3 1 4 12 3
2961 22 1 2 8 2
2961 7 1 2 18 2
2961 6 1 7 4 5
2961 19 1 12 0 9
2961 14 1 1 18 1
2961 26 1 2 0 2
2961 28 1 10 0 7
2961 13 1 14 4 10
2961 9 1 2 6 2
2961 4 1 2 14 2
2961 1 1 4 14 3
2961 17 1 1 4 1
2981 2 1 0 13 0
2981 17 1 10 4 7
2981 14 1 2 18 2
2981 25 1 1 15 1
2981 23 1 1 9 1
2981 11 1 1 17 1
2981 20 1 1 22 1
2981 30 1 1 11 1
2981 24 1 1 10 1
2981 27 1 1 10 1
2981 16 1 2 0 2
2981 21 1 1 0 1
2981 29 1 1 12 1
2981 8 1 1 19 1
2981 15 1 1 17 1
2981 12 1 1 8 1
2981 5 1 1 12 1
2981 10 1 14 6 10
2981 18 1 1 23 1
2981 3 1 1 12 1
2981 22 1 2 8 2
2981 7 1 1 18 1
2981 6 1 5 4 4
2981 19 1 5 0 4
2981 26 1 10 0 7
2981 28 1 12 0 9
2981 13 1 12 4 9
2981 9 1 5 6 4
2981 4 1 1 14 1
2981 1 1 2 14 2
3001 2 1 0 13 0
3001 4 1 2 14 2
3001 5 1 1 12 1
3001 12 1 1 8 1
3001 15 1 1 17 1
3001 8 1 1 19 1
3001 29 1 1 12 1
3001 17 1 7 4 5
3001 10 1 10 6 7
3001 28 1 8 0 6
3001 13 1 15 4 11
3001 9 1 2 6 2
3001 1 1 4 14 3
3001 26 1 7 0 5
3001 19 1 8 0 6
3001 6 1 4 4 3
3001 22 1 2 8 2
3001 16 1 2 0 2
3001 14 1 2 18 2
3001 25 1 2 15 2
3001 23 1 2 9 2
3001 11 1 1 17 1
3001 20 1 1 22 1
3001 30 1 1 11 1
3001 24 1 1 10 1
3001 27 1 1 10 1
3001 21 1 2 0 2
3001 18 1 1 23 1
3001 3 1 2 12 2
3001 7 1 1 18 1
3021 2 1 0 13 0
3021 7 1 1 18 1
3021 18 1 2 23 2
3021 27 1 1 10 1
3021 24 1 1 10 1
3021 30 1 1 11 1
3021 20 1 1 22 1
3021 11 1 1 17 1
3021 29 1 1 12 1
3021 8 1 1 19 1
3021 15 1 1 17 1
3021 12 1 1 8 1
3021 5 1 1 12 1
3021 4 1 4 14 3
3021 17 1 11 4 8
3021 10 1 15 6 11
3021 28 1 7 0 5
3021 13 1 5 4 4
3021 9 1 5 6 4
3021 1 1 2 14 2
3021 26 1 11 0 8
3021 19 1 7 0 5
3021 6 1 11 4 8
3021 22 1 1 8 1
3021 16 1 1 0 1
3021 14 1 2 18 2
3021 25 1 2 15 2
3021 23 1 1 9 1
3021 21 1 4 0 3
3021 3 1 1 12 1
3041 2 1 0 13 0
3041 3 1 2 12 2
3041 23 1 1 9 1
3041 16 1 1 0 1
3041 22 1 2 8 2
3041 5 1 1 12 1
3041 12 1 1 8 1
3041 15 1 1 17 1
3041 8 1 1 19 1
3041 29 1 1 12 1
3041 11 1 1 17 1
3041 20 1 1 22 1
3041 30 1 1 11 1
3041 24 1 1 10 1
3041 27 1 1 10 1
3041 7 1 2 18 2
3041 18 1 2 23 2
3041 4 1 2 14 2
3041 17 1 7 4 5
3041 10 1 11 6 8
3041 28 1 11 0 8
3041 13 1 7 4 5
3041 9 1 14 6 10
3041 1 1 2 14 2
3041 26 1 7 0 5
3041 19 1 5 0 4
3041 6 1 14 4 10
3041 14 1 2 18 2
3041 25 1 1 15 1
3041 21 1 2 0 2
3061 25 1 1 15 1
3061 27 1 1 10 1
3061 24 1 1 10 1
3061 30 1 1 11 1
3061 20 1 1 22 1
3061 11 1 1 17 1
3061 16 1 2 0 2
3061 23 1 1 9 1
3061 3 1 2 12 2
3061 22 1 2 8 2
3061 7 1 2 18 2
3061 18 1 1 23 1
3061 26 1 14 0 10
3061 19 1 8 0 6
3061 6 1 10 4 7
3061 14 1 2 18 2
3061 21 1 1 0 1
3061 1 1 4 14 3
3061 9 1 14 6 10
3061 13 1 11 4 8
3061 28 1 5 0 4
3061 10 1 1 6 1
3061 17 1 5 4 4
3061 4 1 2 14 2
3061 5 1 1 12 1
3061 12 1 1 8 1
3061 15 1 1 17 1
3061 8 1 1 19 1
3061 29 1 1 12 1
3061 2 1 0 13 0
3081 2 1 0 13 0
3081 29 1 1 12 1
3081 8 1 1 19 1
3081 15 1 1 17 1
3081 12 1 1 8 1
3081 5 1 1 12 1
3081 10 1 14 6 10
3081 21 1 4 0 3
3081 18 1 2 23 2
3081 23 1 1 9 1
3081 11 1 1 17 1
3081 20 1 1 22 1
3081 30 1 1 11 1
3081 24 1 1 10 1
3081 27 1 1 10 1
3081 25 1 2 15 2
3081 16 1 1 0 1
3081 3 1 2 12 2
3081 22 1 1 8 1
3081 7 1 2 18 2
3081 26 1 12 0 9
3081 19 1 4 0 3
3081 6 1 1 4 1
3081 14 1 1 18 1
3081 1 1 4 14 3
3081 9 1 1 6 1
3081 13 1 12 4 9
3081 28 1 11 0 8
3081 17 1 4 4 3
3081 4 1 4 14 3
3101 2 1 0 13 0
3101 9 1 15 6 11
3101 14 1 1 18 1
3101 6 1 1 4 1
3101 22 1 1 8 1
3101 16 1 2 0 2
3101 27 1 1 10 1
3101 24 1 1 10 1
3101 30 1 1 11 1
3101 20 1 1 22 1
3101 11 1 1 17 1
3101 23 1 1 9 1
3101 5 1 1 12 1
3101 12 1 1 8 1
3101 15 1 1 17 1
3101 8 1 1 19 1
3101 29 1 1 12 1
3101 10 1 7 6 5
3101 21 1 2 0 2
3101 18 1 1 23 1
3101 25 1 1 15 1
3101 3 1 1 12 1
3101 7 1 2 18 2
3101 26 1 7 0 5
3101 19 1 4 0 3
3101 1 1 2 14 2
3101 13 1 5 4 4
3101 28 1 12 0 9
3101 17 1 12 4 9
3101 4 1 1 14 1
3121 2 1 2 13 2
3121 4 1 20 14 14
3121 29 1 20 12 14
3121 8 1 12 19 9
3121 15 1 21 17 15
3121 12 1 7 8 5
3121 5 1 12 12 9
3121 9 1 18 6 13
3121 10 1 18 6 13
3121 1 1 18 14 13
3121 13 1 24 4 17
3121 28 1 21 0 15
3121 17 1 22 4 16
3121 19 1 28 0 20
3121 26 1 17 0 12
3121 7 1 2 18 2
3121 21 1 18 0 13
3121 16 1 10 0 7
3121 14 1 7 18 5
3121 6 1 27 4 19
3121 22 1 5 8 4
3121 27 1 25 10 18
3121 24 1 11 10 8
3121 30 1 28 11 20
3121 20 1 25 22 18
3121 11 1 11 17 8
3121 23 1 5 9 4
3121 18 1 15 23 11
3121 25 1 27 15 19
3121 3 1 27 12 19
3141 2 1 0 13 0
3141 4 1 20 14 14
3141 29 1 28 12 20
3141 8 1 4 19 3
3141 15 1 17 17 12
3141 12 1 5 8 4
3141 5 1 25 12 18
3141 9 1 18 6 13
3141 10 1 21 6 15
3141 1 1 14 14 10
3141 13 1 17 4 12
3141 28 1 12 0 9
3141 17 1 28 4 20
3141 19 1 25 0 18
3141 26 1 15 0 11
3141 7 1 12 18 9
3141 21 1 15 0 11
3141 16 1 11 0 8
3141 14 1 10 18 7
3141 6 1 22 4 16
3141 22 1 28 8 20
3141 27 1 12 10 9
3141 24 1 27 10 19
3141 30 1 17 11 12
3141 20 1 21 22 15
3141 11 1 27 17 19
3141 23 1 10 9 7
3141 18 1 2 23 2
3141 25 1 27 15 19
3141 3 1 21 12 15
3161 2 1 0 13 0
3161 4 1 2 14 2
3161 29 1 1 12 1
3161 8 1 1 19 1
3161 15 1 1 17 1
3161 12 1 1 8 1
3161 5 1 1 12 1
3161 9 1 11 6 8
3161 10 1 14 6 10
3161 1 1 4 14 3
3161 13 1 12 4 9
3161 28 1 10 0 7
3161 17 1 11 4 8
3161 19 1 18 0 13
3161 26 1 14 0 10
3161 7 1 1 18 1
3161 21 1 4 0 3
3161 16 1 1 0 1
3161 14 1 2 18 2
3161 6 1 14 4 10
3161 22 1 1 8 1
3161 27 1 1 10 1
3161 24 1 1 10 1
3161 30 1 1 11 1
3161 20 1 1 22 1
3161 11 1 1 17 1
3161 23 1 1 9 1
3161 18 1 2 23 2
3161 25 1 1 15 1
3161 3 1 1 12 1
3181 3 1 14 12 10
3181 25 1 18 15 13
3181 23 1 15 9 11
3181 11 1 8 17 6
3181 20 1 25 22 18
3181 30 1 5 11 4
3181 24 1 4 10 3
3181 27 1 17 10 12
3181 22 1 2 8 2
3181 16 1 21 0 15
3181 7 1 17 18 12
3181 19 1 25 0 18
3181 26 1 21 0 15
3181 21 1 5 0 4
3181 14 1 24 18 17
3181 6 1 21 4 15
3181 18 1 27 23 19
3181 17 1 24 4 17
3181 28 1 18 0 13
3181 13 1 24 4 17
3181 1 1 10 14 7
3181 10 1 22 6 16
3181 9 1 25 6 18
3181 4 1 21 14 15
3181 29 1 18 12 13
3181 8 1 7 19 5
3181 15 1 7 17 5
3181 12 1 10 8 7
3181 5 1 27 12 19
3181 2 1 15 13 11
3201 3 1 4 12 3
3201 25 1 2 15 2
3201 23 1 2 9 2
3201 11 1 1 17 1
3201 20 1 1 22 1
3201 30 1 1 11 1
3201 24 1 1 10 1
3201 27 1 1 10 1
3201 22 1 2 8 2
3201 16 1 1 0 1
3201 7 1 1 18 1
3201 19 1 18 0 13
3201 26 1 2 0 2
3201 21 1 2 0 2
3201 14 1 1 18 1
3201 6 1 4 4 3
3201 18 1 2 23 2
3201 17 1 5 4 4
3201 28 1 10 0 7
3201 13 1 4 4 3
3201 1 1 2 14 2
3201 10 1 15 6 11
3201 9 1 11 6 8
3201 4 1 4 14 3
3201 29 1 1 12 1
3201 8 1 1 19 1
3201 15 1 1 17 1
3201 12 1 1 8 1
3201 5 1 1 12 1
3201 2 1 0 13 0
3221 2 1 0 13 0
3221 5 1 1 12 1
3221 12 1 1 8 1
3221 15 1 1 17 1
3221 8 1 1 19 1
3221 29 1 1 12 1
3221 14 1 2 18 2
3221 7 1 1 18 1
3221 16 1 1 0 1
3221 27 1 1 10 1
3221 24 1 1 10 1
3221 30 1 1 11 1
3221 20 1 1 22 1
3221 11 1 1 17 1
3221 3 1 4 12 3
3221 25 1 2 15 2
3221 23 1 2 9 2
3221 22 1 1 8 1
3221 19 1 15 0 11
3221 26 1 5 0 4
3221 21 1 2 0 2
3221 6 1 7 4 5
3221 18 1 2 23 2
3221 17 1 10 4 7
3221 28 1 10 0 7
3221 13 1 8 4 6
3221 1 1 2 14 2
3221 10 1 18 6 13
3221 9 1 14 6 10
3221 4 1 1 14 1
3241 2 1 22 13 16
3241 4 1 21 14 15
3241 29 1 10 12 7
3241 8 1 11 19 8
3241 15 1 15 17 11
3241 12 1 2 8 2
3241 5 1 15 12 11
3241 17 1 25 4 18
3241 28 1 12 0 9
3241 13 1 20 4 14
3241 1 1 5 14 4
3241 10 1 27 6 19
3241 9 1 18 6 13
3241 18 1 24 23 17
3241 6 1 22 4 16
3241 21 1 15 0 11
3241 26 1 22 0 16
3241 19 1 24 0 17
3241 23 1 17 9 12
3241 25 1 27 15 19
3241 3 1 20 12 14
3241 14 1 27 18 19
3241 7 1 14 18 10
3241 16 1 20 0 14
3241 27 1 14 10 10
3241 24 1 24 10 17
3241 30 1 7 11 5
3241 20 1 22 22 16
3241 11 1 11 17 8
3241 22 1 4 8 3
3261 2 1 11 13 8
3261 4 1 5 14 4
3261 29 1 22 12 16
3261 8 1 12 19 9
3261 15 1 5 17 4
3261 12 1 8 8 6
3261 5 1 11 12 8
3261 17 1 28 4 20
3261 28 1 25 0 18
3261 13 1 15 4 11
3261 1 1 15 14 11
3261 10 1 18 6 13
3261 9 1 18 6 13
3261 18 1 28 23 20
3261 6 1 14 4 10
3261 21 1 27 0 19
3261 26 1 22 0 16
3261 19 1 25 0 18
3261 23 1 15 9 11
3261 25 1 5 15 4
3261 3 1 14 12 10
3261 14 1 14 18 10
3261 7 1 22 18 16
3261 16 1 11 0 8
3261 27 1 4 10 3
3261 24 1 15 10 11
3261 30 1 25 11 18
3261 20 1 18 22 13
3261 11 1 24 17 17
3261 22 1 25 8 18
3281 2 1 0 13 0
3281 4 1 2 14 2
3281 29 1 1 12 1
3281 8 1 1 19 1
3281 15 1 1 17 1
3281 12 1 1 8 1
3281 5 1 1 12 1
3281 17 1 11 4 8
3281 28 1 4 0 3
3281 13 1 11 4 8
3281 1 1 4 14 3
3281 10 1 11 6 8
3281 9 1 10 6 7
3281 18 1 1 23 1
3281 6 1 4 4 3
3281 21 1 4 0 3
3281 26 1 10 0 7
3281 19 1 2 0 2
3281 23 1 2 9 2
3281 25 1 2 15 2
3281 3 1 1 12 1
3281 14 1 1 18 1
3281 7 1 2 18 2
3281 16 1 1 0 1
3281 27 1 1 10 1
3281 24 1 1 10 1
3281 30 1 1 11 1
3281 20 1 1 22 1
3281 11 1 1 17 1
3281 22 1 1 8 1
3301 22 1 25 8 18
3301 11 1 24 17 17
3301 20 1 18 22 13
3301 30 1 7 11 5
3301 24 1 24 10 17
3301 27 1 24 10 17
3301 16 1 8 0 6
3301 14 1 7 18 5
3301 3 1 20 12 14
3301 18 1 5 23 4
3301 6 1 25 4 18
3301 21 1 15 0 11
3301 26 1 14 0 10
3301 19 1 28 0 20
3301 23 1 12 9 9
3301 25 1 27 15 19
3301 7 1 5 18 4
3301 9 1 24 6 17
3301 10 1 22 6 16
3301 1 1 28 14 20
3301 13 1 25 4 18
3301 28 1 24 0 17
3301 17 1 20 4 14
3301 4 1 24 14 17
3301 29 1 10 12 7
3301 8 1 2 19 2
3301 15 1 7 17 5
3301 12 1 2 8 2
3301 5 1 28 12 20
3301 2 1 8 13 6
3321 22 1 1 8 1
3321 11 1 1 17 1
3321 20 1 1 22 1
3321 30 1 1 11 1
3321 24 1 1 10 1
3321 27 1 1 10 1
3321 16 1 1 0 1
3321 14 1 2 18 2
3321 3 1 1 12 1
3321 18 1 2 23 2
3321 6 1 14 4 10
3321 21 1 4 0 3
3321 26 1 10 0 7
3321 19 1 11 0 8
3321 23 1 1 9 1
3321 25 1 2 15 2
3321 7 1 1 18 1
3321 9 1 15 6 11
3321 10 1 1 6 1
3321 1 1 2 14 2
3321 13 1 10 4 7
3321 28 1 8 0 6
3321 17 1 10 4 7
3321 4 1 2 14 2
3321 29 1 1 12 1
3321 8 1 1 19 1
3321 15 1 1 17 1
3321 12 1 1 8 1
3321 5 1 1 12 1
3321 2 1 0 13 0
3341 2 1 21 13 15
3341 5 1 8 12 6
3341 12 1 22 8 16
3341 15 1 21 17 15
3341 8 1 18 19 13
3341 29 1 1 12 1
3341 10 1 20 6 14
3341 7 1 14 18 10
3341 23 1 20 9 14
3341 3 1 25 12 18
3341 16 1 11 0 8
3341 27 1 14 10 10
3341 24 1 5 10 4
3341 30 1 12 11 9
3341 20 1 20 22 14
3341 11 1 14 17 10
3341 22 1 27 8 19
3341 14 1 15 18 11
3341 18 1 10 23 7
3341 6 1 14 4 10
3341 21 1 5 0 4
3341 26 1 28 0 20
3341 19 1 24 0 17
3341 25 1 5 15 4
3341 9 1 25 6 18
3341 1 1 4 14 3
3341 13 1 18 4 13
3341 28 1 27 0 19
3341 17 1 17 4 12
3341 4 1 28 14 20
3361 29 1 2 12 2
3361 2 1 8 13 6
3361 5 1 14 12 10
3361 12 1 28 8 20
3361 15 1 7 17 5
3361 8 1 2 19 2
3361 10 1 24 6 17
3361 9 1 24 6 17
3361 1 1 11 14 8
3361 13 1 21 4 15
3361 28 1 14 0 10
3361 17 1 28 4 20
3361 4 1 27 14 19
3361 25 1 18 15 13
3361 19 1 24 0 17
3361 26 1 24 0 17
3361 21 1 25 0 18
3361 6 1 25 4 18
3361 18 1 15 23 11
3361 14 1 24 18 17
3361 22 1 7 8 5
3361 11 1 17 17 12
3361 20 1 14 22 10
3361 30 1 14 11 10
3361 24 1 22 10 16
3361 27 1 11 10 8
3361 16 1 27 0 19
3361 3 1 18 12 13
3361 23 1 4 9 3
3361 7 1 8 18 6
3381 29 1 1 12 1
3381 2 1 0 13 0
3381 5 1 1 12 1
3381 12 1 1 8 1
3381 15 1 1 17 1
3381 8 1 1 19 1
3381 10 1 14 6 10
3381 9 1 4 6 3
3381 1 1 2 14 2
3381 13 1 15 4 11
3381 28 1 1 0 1
3381 17 1 12 4 9
3381 4 1 4 14 3
3381 25 1 2 15 2
3381 19 1 12 0 9
3381 26 1 5 0 4
3381 21 1 4 0 3
3381 6 1 14 4 10
3381 18 1 2 23 2
3381 14 1 2 18 2
3381 22 1 1 8 1
3381 11 1 1 17 1
3381 20 1 1 22 1
3381 30 1 1 11 1
3381 24 1 1 10 1
3381 27 1 1 10 1
3381 16 1 1 0 1
3381 3 1 1 12 1
3381 23 1 2 9 2
3381 7 1 1 18 1
3401 2 1 11 13 8
3401 7 1 2 18 2
3401 3 1 4 12 3
3401 16 1 7 0 5
3401 27 1 20 10 14
3401 24 1 7 10 5
3401 30 1 12 11 9
3401 20 1 24 22 17
3401 11 1 18 17 13
3401 22 1 25 8 18
3401 28 1 28 0 20
3401 8 1 12 19 9
3401 15 1 2 17 2
3401 12 1 21 8 15
3401 5 1 1 12 1
3401 29 1 5 12 4
3401 10 1 25 6 18
3401 9 1 18 6 13
3401 1 1 11 14 8
3401 13 1 22 4 16
3401 17 1 20 4 14
3401 4 1 24 14 17
3401 25 1 5 15 4
3401 19 1 20 0 14
3401 26 1 20 0 14
3401 21 1 10 0 7
3401 6 1 18 4 13
3401 18 1 25 23 18
3401 14 1 25 18 18
3401 23 1 5 9 4
3421 7 1 10 18 7
3421 3 1 17 12 12
3421 16 1 15 0 11
3421 27 1 8 10 6
3421 24 1 15 10 11
3421 30 1 22 11 16
3421 20 1 5 22 4
3421 11 1 28 17 20
3421 22 1 21 8 15
3421 25 1 27 15 19
3421 19 1 27 0 19
3421 26 1 17 0 12
3421 21 1 21 0 15
3421 6 1 20 4 14
3421 18 1 21 23 15
3421 14 1 14 18 10
3421 23 1 7 9 5
3421 4 1 17 14 12
3421 17 1 27 4 19
3421 13 1 24 4 17
3421 1 1 4 14 3
3421 9 1 17 6 12
3421 10 1 21 6 15
3421 29 1 22 12 16
3421 12 1 20 8 14
3421 15 1 20 17 14
3421 8 1 4 19 3
3421 28 1 15 0 11
3421 2 1 21 13 15
3421 5 1 18 12 13
3441 7 1 2 18 2
3441 3 1 4 12 3
3441 16 1 1 0 1
3441 27 1 1 10 1
3441 24 1 1 10 1
3441 30 1 1 11 1
3441 20 1 1 22 1
3441 11 1 1 17 1
3441 22 1 2 8 2
3441 25 1 2 15 2
3441 19 1 15 0 11
3441 26 1 11 0 8
3441 21 1 4 0 3
3441 6 1 12 4 9
3441 18 1 1 23 1
3441 14 1 2 18 2
3441 23 1 1 9 1
3441 4 1 2 14 2
3441 17 1 8 4 6
3441 13 1 12 4 9
3441 1 1 4 14 3
3441 9 1 7 6 5
3441 10 1 2 6 2
3441 29 1 1 12 1
3441 12 1 1 8 1
3441 15 1 1 17 1
3441 8 1 1 19 1
3441 28 1 11 0 8
3441 2 1 0 13 0
3441 5 1 1 12 1
3461 2 1 11 13 8
3461 5 1 14 12 10
3461 8 1 10 19 7
3461 15 1 25 17 18
3461 12 1 14 8 10
3461 29 1 2 12 2
3461 23 1 15 9 11
3461 18 1 2 23 2
3461 11 1 12 17 9
3461 20 1 8 22 6
3461 30 1 1 11 1
3461 24 1 11 10 8
3461 27 1 10 10 7
3461 16 1 21 0 15
3461 7 1 15 18 11
3461 3 1 24 12 17
3461 22 1 11 8 8
3461 25 1 22 15 16
3461 19 1 21 0 15
3461 26 1 27 0 19
3461 21 1 11 0 8
3461 6 1 14 4 10
3461 14 1 14 18 10
3461 4 1 28 14 20
3461 17 1 28 4 20
3461 13 1 21 4 15
3461 1 1 22 14 16
3461 9 1 22 6 16
3461 10 1 27 6 19
3461 28 1 15 0 11
3481 2 1 5 13 4
3481 5 1 27 12 19
3481 8 1 18 19 13
3481 15 1 7 17 5
3481 12 1 25 8 18
3481 29 1 28 12 20
3481 4 1 11 14 8
3481 17 1 17 4 12
3481 13 1 20 4 14
3481 1 1 17 14 12
3481 9 1 20 6 14
3481 10 1 25 6 18
3481 28 1 12 0 9
3481 14 1 12 18 9
3481 6 1 28 4 20
3481 21 1 27 0 19
3481 26 1 28 0 20
3481 19 1 27 0 19
3481 25 1 7 15 5
3481 22 1 17 8 12
3481 3 1 21 12 15
3481 7 1 15 18 11
3481 16 1 18 0 13
3481 27 1 18 10 13
3481 24 1 8 10 6
3481 20 1 4 22 3
3481 11 1 25 17 18
3481 18 1 5 23 4
3481 23 1 24 9 17
3481 30 1 24 11 17
3501 2 1 12 13 9
3501 5 1 7 12 5
3501 8 1 17 19 12
3501 15 1 14 17 10
3501 12 1 1 8 1
3501 29 1 27 12 19
3501 4 1 11 14 8
3501 17 1 27 4 19
3501 13 1 27 4 19
3501 1 1 20 14 14
3501 9 1 24 6 17
3501 10 1 28 6 20
3501 28 1 22 0 16
3501 14 1 17 18 12
3501 6 1 20 4 14
3501 21 1 15 0 11
3501 26 1 25 0 18
3501 19 1 28 0 20
3501 25 1 28 15 20
3501 22 1 2 8 2
3501 3 1 27 12 19
3501 7 1 7 18 5
3501 16 1 22 0 16
3501 27 1 14 10 10
3501 24 1 11 10 8
3501 20 1 12 22 9
3501 11 1 22 17 16
3501 18 1 27 23 19
3501 23 1 10 9 7
3501 30 1 18 11 13
3521 12 1 1 8 1
3521 2 1 0 13 0
3521 5 1 1 12 1
3521 8 1 1 19 1
3521 15 1 1 17 1
3521 29 1 1 12 1
3521 4 1 1 14 1
3521 17 1 11 4 8
3521 13 1 12 4 9
3521 1 1 4 14 3
3521 9 1 4 6 3
3521 10 1 4 6 3
3521 28 1 11 0 8
3521 14 1 2 18 2
3521 6 1 12 4 9
3521 21 1 2 0 2
3521 26 1 14 0 10
3521 19 1 7 0 5
3521 25 1 2 15 2
3521 22 1 1 8 1
3521 3 1 1 12 1
3521 7 1 2 18 2
3521 16 1 1 0 1
3521 27 1 1 10 1
3521 24 1 1 10 1
3521 20 1 1 22 1
3521 11 1 1 17 1
3521 18 1 2 23 2
3521 23 1 2 9 2
3521 30 1 1 11 1
3541 30 1 21 11 15
3541 11 1 17 17 12
3541 20 1 18 22 13
3541 24 1 11 10 8
3541 27 1 7 10 5
3541 16 1 15 0 11
3541 3 1 17 12 12
3541 22 1 10 8 7
3541 14 1 18 18 13
3541 6 1 15 4 11
3541 21 1 7 0 5
3541 26 1 14 0 10
3541 19 1 22 0 16
3541 25 1 21 15 15
3541 7 1 14 18 10
3541 18 1 17 23 12
3541 23 1 15 9 11
3541 28 1 12 0 9
3541 10 1 20 6 14
3541 9 1 28 6 20
3541 1 1 18 14 13
3541 13 1 24 4 17
3541 17 1 17 4 12
3541 12 1 5 8 4
3541 5 1 1 12 1
3541 8 1 15 19 11
3541 15 1 28 17 20
3541 29 1 12 12 9
3541 4 1 8 14 6
3541 2 1 10 13 7
3561 5 1 10 12 7
3561 30 1 25 11 18
3561 11 1 22 17 16
3561 20 1 15 22 11
3561 24 1 25 10 18
3561 27 1 21 10 15
3561 16 1 7 0 5
3561 3 1 11 12 8
3561 22 1 17 8 12
3561 14 1 5 18 4
3561 6 1 17 4 12
3561 21 1 8 0 6
3561 26 1 27 0 19
3561 19 1 21 0 15
3561 25 1 10 15 7
3561 7 1 14 18 10
3561 18 1 4 23 3
3561 23 1 11 9 8
3561 28 1 25 0 18
3561 10 1 27 6 19
3561 9 1 18 6 13
3561 1 1 18 14 13
3561 13 1 15 4 11
3561 17 1 14 4 10
3561 12 1 17 8 12
3561 8 1 21 19 15
3561 15 1 7 17 5
3561 29 1 14 12 10
3561 4 1 22 14 16
3561 2 1 24 13 17
3581 5 1 10 12 7
3581 30 1 28 11 20
3581 11 1 12 17 9
3581 20 1 7 22 5
3581 24 1 8 10 6
3581 27 1 10 10 7
3581 16 1 12 0 9
3581 3 1 17 12 12
3581 22 1 20 8 14
3581 14 1 27 18 19
3581 6 1 25 4 18
3581 21 1 17 0 12
3581 26 1 21 0 15
3581 19 1 22 0 16
3581 25 1 18 15 13
3581 7 1 18 18 13
3581 18 1 15 23 11
3581 23 1 22 9 16
3581 28 1 27 0 19
3581 10 1 20 6 14
3581 9 1 25 6 18
3581 1 1 25 14 18
3581 13 1 24 4 17
3581 17 1 25 4 18
3581 12 1 4 8 3
3581 8 1 5 19 4
3581 15 1 21 17 15
3581 29 1 17 12 12
3581 4 1 20 14 14
3581 2 1 24 13 17
