IT_NO ID REVENUES INTERESTS_ACCRUED TOTAL_COSTS TOTAL_WRITEOFFS INTERESTS_PAID NET_EARNINGS RETAINED_EARNINGS TOTAL_DIVIDENDS
1 157 0.000000 0.000000 22324.232000 0.000000 22324.232000 -22324.232000 0.000000 0.000000
1 156 0.000000 0.000000 20954.421000 0.000000 20954.421000 -20954.421000 0.000000 0.000000
61 157 11193.599973 11193.599973 39503.052009 34402.186183 5100.865827 -28309.452036 0.000000 0.000000
61 156 10609.473262 10609.473262 37353.370760 32565.196738 4788.174022 -26743.897498 0.000000 0.000000
121 157 6455.469520 6455.469520 195817.571356 190837.582602 4979.988754 -189362.101836 0.000000 0.000000
121 156 6071.484753 6071.484753 190793.535420 186037.670129 4755.865292 -184722.050667 0.000000 0.000000
181 157 5413.436434 5413.436434 162214.551568 157344.227605 4870.323963 -156801.115135 0.000000 0.000000
181 156 5081.185932 5081.185932 170546.783831 165898.007116 4648.776715 -165465.597898 0.000000 0.000000
241 157 4685.072242 4685.072242 96366.846859 91599.897245 4766.949614 -91681.774617 0.000000 0.000000
241 156 4359.563399 4359.563399 82370.025041 77811.618690 4558.406351 -78010.461643 0.000000 0.000000
301 157 4398.341137 4398.341137 28617.091130 23965.238160 4651.852970 -24218.749994 0.000000 0.000000
301 156 4131.519748 4131.519748 23951.086966 19503.131877 4447.955089 -19819.567218 0.000000 0.000000
361 157 4240.423526 4240.423526 35957.080592 31413.254708 4543.825884 -31716.657066 0.000000 0.000000
361 156 3967.043127 3967.043127 37335.801351 32987.876944 4347.924407 -33368.758224 0.000000 0.000000
421 157 3961.671724 3961.671724 143378.261011 98904.388697 44473.872314 -139416.589287 0.000000 0.000000
421 156 3701.531914 3701.531914 133932.028570 91357.233295 42574.795275 -130230.496656 0.000000 0.000000
481 157 8207.741207 8207.741207 297435.912771 251927.237481 45508.675290 -289228.171565 0.000000 0.000000
481 156 7740.917992 7740.917992 272906.684471 229239.670723 43667.013748 -265165.766479 0.000000 0.000000
541 157 4535.962576 4535.962576 251438.761703 205221.194616 46217.567087 -246902.799127 0.000000 0.000000
541 156 4404.440792 4404.440792 238009.053052 193527.385645 44481.667408 -233604.612261 0.000000 0.000000
601 157 1211.049372 1211.049372 66733.986780 20169.942394 46564.044385 -65522.937408 0.000000 0.000000
601 156 1273.490847 1273.490847 62944.123575 18191.503027 44752.620549 -61670.632729 0.000000 0.000000
661 157 987.360020 987.360020 46564.043497 57.060119 46506.983378 -45576.683477 0.000000 0.000000
661 156 1070.066412 1070.066412 45319.782784 553.897485 44765.885299 -44249.716372 0.000000 0.000000
721 157 982.076551 982.076551 46676.189691 220.660467 46455.529224 -45694.113140 0.000000 0.000000
721 156 1044.868013 1044.868013 45823.794901 1034.386136 44789.408766 -44778.926888 0.000000 0.000000
781 157 976.970972 976.970972 46927.016100 522.335784 46404.680316 -45950.045128 0.000000 0.000000
781 156 1024.587060 1024.587060 45323.108879 508.931592 44814.177287 -44298.521819 0.000000 0.000000
841 157 965.743013 965.743013 4972.106175 336.929417 4635.176758 -4006.363162 0.000000 0.000000
841 156 1011.425942 1011.425942 5177.687756 693.599770 4484.087986 -4166.261815 0.000000 0.000000
901 157 303.684507 303.684507 5570.544794 1149.736357 4420.808437 -5266.860286 0.000000 0.000000
901 156 317.264669 317.264669 5664.370008 1378.865105 4285.504903 -5347.105339 0.000000 0.000000
961 157 276.905911 276.905911 8278.077661 4076.776231 4201.301430 -8001.171750 0.000000 0.000000
961 156 297.341016 297.341016 6401.094693 2319.775902 4081.318792 -6103.753677 0.000000 0.000000
1021 157 266.417054 266.417054 5468.714465 1487.259639 3981.454827 -5202.297411 0.000000 0.000000
1021 156 287.535956 287.535956 6928.910490 3052.845653 3876.064836 -6641.374533 0.000000 0.000000
1081 157 255.713031 255.713031 3760.632922 0.000000 3760.632922 -3504.919890 0.000000 0.000000
1081 156 265.785314 265.785314 4009.524992 339.629729 3669.895264 -3743.739678 0.000000 0.000000
1141 157 251.247710 251.247710 3538.313437 0.000000 3538.313437 -3287.065727 0.000000 0.000000
1141 156 259.817054 259.817054 3625.239168 162.048355 3463.190813 -3365.422113 0.000000 0.000000
1201 157 249.850942 249.850942 3313.213355 0.000000 3313.213355 -3063.362413 0.000000 0.000000
1201 156 257.683004 257.683004 3257.076840 0.000000 3257.076840 -2999.393836 0.000000 0.000000
1261 157 249.128095 249.128095 3086.879034 0.000000 3086.879034 -2837.750939 0.000000 0.000000
1261 156 256.929286 256.929286 3048.561036 0.000000 3048.561036 -2791.631751 0.000000 0.000000
1321 157 249.029900 249.029900 2859.696645 0.000000 2859.696645 -2610.666746 0.000000 0.000000
1321 156 256.800125 256.800125 2839.836836 0.000000 2839.836836 -2583.036711 0.000000 0.000000
1381 157 248.260914 248.260914 2632.821924 0.000000 2632.821924 -2384.561010 0.000000 0.000000
1381 156 255.703933 255.703933 2627.540251 0.000000 2627.540251 -2371.836319 0.000000 0.000000
1441 157 247.195939 247.195939 2569.877066 167.778670 2402.098396 -2322.681127 0.000000 0.000000
1441 156 253.942904 253.942904 2417.303708 0.000000 2417.303708 -2163.360804 0.000000 0.000000
1501 157 247.088683 247.088683 2173.990891 0.000000 2173.990891 -1926.902208 0.000000 0.000000
1501 156 252.516435 252.516435 2204.159966 0.000000 2204.159966 -1951.643531 0.000000 0.000000
1561 157 245.690734 245.690734 1941.972825 0.000000 1941.972825 -1696.282091 0.000000 0.000000
1561 156 251.748351 251.748351 1991.852244 0.000000 1991.852244 -1740.103894 0.000000 0.000000
1621 157 244.621334 244.621334 1709.679262 0.000000 1709.679262 -1465.057928 0.000000 0.000000
1621 156 251.604636 251.604636 1775.484700 0.000000 1775.484700 -1523.880064 0.000000 0.000000
1681 157 243.225158 243.225158 1476.722569 0.000000 1476.722569 -1233.497411 0.000000 0.000000
1681 156 249.363057 249.363057 1559.045007 0.000000 1559.045007 -1309.681950 0.000000 0.000000
1741 157 242.154404 242.154404 1242.054436 0.000000 1242.054436 -999.900031 0.000000 0.000000
1741 156 248.587651 248.587651 1339.784740 0.000000 1339.784740 -1091.197089 0.000000 0.000000
1801 157 239.793764 239.793764 1007.020309 0.000000 1007.020309 -767.226545 0.000000 0.000000
1801 156 247.807399 247.807399 1120.905858 0.000000 1120.905858 -873.098459 0.000000 0.000000
1861 157 237.765061 237.765061 769.624796 0.000000 769.624796 -531.859735 0.000000 0.000000
1861 156 247.022270 247.022270 899.833763 0.000000 899.833763 -652.811493 0.000000 0.000000
1921 157 237.020157 237.020157 532.091597 0.000000 532.091597 -295.071441 0.000000 0.000000
1921 156 245.435060 245.435060 678.892049 0.000000 678.892049 -433.456989 0.000000 0.000000
1981 157 232.854957 232.854957 293.134666 0.000000 293.134666 -60.279709 0.000000 0.000000
1981 156 239.515089 239.515089 455.635554 0.000000 455.635554 -216.120465 0.000000 0.000000
2041 157 225.020813 225.020813 53.309554 0.000000 53.309554 171.711259 0.000000 0.000000
2041 156 233.459359 233.459359 232.379166 0.000000 232.379166 1.080193 0.000000 0.000000
2101 157 215.791395 215.791395 0.000000 0.000000 0.000000 215.791395 171.711259 0.000000
2101 156 229.704333 229.704333 6.983054 0.000000 6.983054 222.721279 1.080193 0.000000
2161 157 208.079290 208.079290 0.000000 0.000000 0.000000 208.079290 215.791395 0.000000
2161 156 222.801467 222.801467 0.000000 0.000000 0.000000 222.801467 222.721279 0.000000
2221 157 205.744809 205.744809 0.000000 0.000000 0.000000 205.744809 208.079290 0.000000
2221 156 215.597636 215.597636 0.000000 0.000000 0.000000 215.597636 222.801467 0.000000
2281 157 201.262555 201.262555 0.000000 0.000000 0.000000 201.262555 205.744809 0.000000
2281 156 210.416467 210.416467 0.000000 0.000000 0.000000 210.416467 215.597636 0.000000
2341 157 195.718087 195.718087 0.000000 0.000000 0.000000 195.718087 201.262555 0.000000
2341 156 202.848646 202.848646 0.000000 0.000000 0.000000 202.848646 210.416467 0.000000
2401 157 185.082017 185.082017 0.000000 0.000000 0.000000 185.082017 195.718087 0.000000
2401 156 193.444440 193.444440 0.000000 0.000000 0.000000 193.444440 202.848646 0.000000
2461 157 173.465939 173.465939 0.000000 0.000000 0.000000 173.465939 185.082017 0.000000
2461 156 184.337096 184.337096 0.000000 0.000000 0.000000 184.337096 193.444440 0.000000
2521 157 165.949573 165.949573 0.000000 0.000000 0.000000 165.949573 173.465939 0.000000
2521 156 174.643605 174.643605 0.000000 0.000000 0.000000 174.643605 184.337096 0.000000
2581 157 156.833778 156.833778 0.000000 0.000000 0.000000 156.833778 165.949573 0.000000
2581 156 162.749188 162.749188 0.000000 0.000000 0.000000 162.749188 174.643605 0.000000
2641 157 154.635418 154.635418 0.000000 0.000000 0.000000 154.635418 156.833778 0.000000
2641 156 150.611183 150.611183 0.000000 0.000000 0.000000 150.611183 162.749188 0.000000
2701 157 151.961067 151.961067 0.000000 0.000000 0.000000 151.961067 154.635418 0.000000
2701 156 145.188655 145.188655 0.000000 0.000000 0.000000 145.188655 150.611183 0.000000
2761 157 147.319737 147.319737 0.000000 0.000000 0.000000 147.319737 151.961067 0.000000
2761 156 139.504448 139.504448 0.000000 0.000000 0.000000 139.504448 145.188655 0.000000
2821 157 142.092591 142.092591 0.000000 0.000000 0.000000 142.092591 147.319737 0.000000
2821 156 134.468103 134.468103 0.000000 0.000000 0.000000 134.468103 139.504448 0.000000
2881 157 135.708060 135.708060 0.000000 0.000000 0.000000 135.708060 142.092591 0.000000
2881 156 127.521159 127.521159 0.000000 0.000000 0.000000 127.521159 134.468103 0.000000
2941 157 129.395579 129.395579 0.000000 0.000000 0.000000 129.395579 135.708060 0.000000
2941 156 122.466169 122.466169 0.000000 0.000000 0.000000 122.466169 127.521159 0.000000
3001 157 126.756559 126.756559 0.000000 0.000000 0.000000 126.756559 129.395579 0.000000
3001 156 118.044432 118.044432 0.000000 0.000000 0.000000 118.044432 122.466169 0.000000
3061 157 116.396401 116.396401 0.000000 0.000000 0.000000 116.396401 126.756559 0.000000
3061 156 110.672484 110.672484 0.000000 0.000000 0.000000 110.672484 118.044432 0.000000
3121 157 105.574128 105.574128 0.000000 0.000000 0.000000 105.574128 116.396401 0.000000
3121 156 106.399507 106.399507 0.000000 0.000000 0.000000 106.399507 110.672484 0.000000
3181 157 99.596442 99.596442 0.000000 0.000000 0.000000 99.596442 105.574128 0.000000
3181 156 100.674109 100.674109 0.000000 0.000000 0.000000 100.674109 106.399507 0.000000
3241 157 99.540384 99.540384 0.000000 0.000000 0.000000 99.540384 99.596442 0.000000
3241 156 97.523115 97.523115 0.000000 0.000000 0.000000 97.523115 100.674109 0.000000
3301 157 98.903116 98.903116 0.000000 0.000000 0.000000 98.903116 99.540384 0.000000
3301 156 96.735113 96.735113 0.000000 0.000000 0.000000 96.735113 97.523115 0.000000
3361 157 97.696387 97.696387 0.000000 0.000000 0.000000 97.696387 98.903116 0.000000
3361 156 95.218566 95.218566 0.000000 0.000000 0.000000 95.218566 96.735113 0.000000
3421 157 96.917858 96.917858 0.000000 0.000000 0.000000 96.917858 97.696387 0.000000
3421 156 95.188371 95.188371 0.000000 0.000000 0.000000 95.188371 95.218566 0.000000
3481 157 94.692831 94.692831 0.000000 0.000000 0.000000 94.692831 96.917858 0.000000
3481 156 92.973471 92.973471 0.000000 0.000000 0.000000 92.973471 95.188371 0.000000
3541 157 93.221201 93.221201 0.000000 0.000000 0.000000 93.221201 94.692831 0.000000
3541 156 92.235108 92.235108 0.000000 0.000000 0.000000 92.235108 92.973471 0.000000
