IT_NO ID NO_EMPLOYEES EMPLOYEES_NEEDED INVENTORY PRODUCTION_PLAN
1 1 20 27 2 19
1 2 20 28 2 20
1 3 20 20 2 14
1 4 20 20 2 14
1 5 20 11 2 8
1 6 20 24 2 17
1 7 20 28 2 20
1 8 20 21 2 15
1 9 20 22 2 16
1 10 20 24 2 17
1 11 20 21 2 15
1 12 20 7 2 5
1 13 20 18 2 13
1 14 20 28 2 20
1 15 20 21 2 15
1 16 20 27 2 19
1 17 20 24 2 17
1 18 20 25 2 18
1 19 20 28 2 20
1 20 20 17 2 12
1 21 20 21 2 15
1 22 20 14 2 10
1 23 20 17 2 12
1 24 20 14 2 10
1 25 20 25 2 18
1 26 20 25 2 18
1 27 20 27 2 19
1 28 20 21 2 15
1 29 20 14 2 10
1 30 20 15 2 11
21 30 15 14 4 10
21 29 14 20 3 14
21 24 14 27 3 19
21 23 17 17 4 12
21 22 14 24 3 17
21 20 17 28 4 20
21 13 18 17 3 12
21 12 7 17 2 12
21 5 11 20 3 14
21 4 20 22 3 16
21 3 20 17 4 12
21 1 20 25 3 18
21 2 20 21 4 15
21 6 20 28 2 20
21 7 20 20 4 14
21 8 20 28 4 20
21 9 20 21 4 15
21 10 20 21 4 15
21 11 20 27 2 19
21 14 20 11 4 8
21 15 20 20 4 14
21 16 20 18 4 13
21 17 20 17 3 12
21 18 20 18 2 13
21 19 20 21 3 15
21 21 20 22 2 16
21 25 20 22 2 16
21 26 20 22 1 16
21 27 20 24 1 17
21 28 20 18 1 13
41 28 18 12 2 9
41 18 18 2 4 2
41 17 17 2 5 2
41 16 18 5 6 4
41 14 11 7 5 5
41 3 17 8 5 6
41 13 17 11 5 8
41 30 14 11 4 8
41 15 20 10 6 7
41 7 20 2 6 2
41 23 17 8 4 6
41 29 14 10 4 7
41 24 14 5 3 4
41 22 14 7 4 5
41 20 17 1 6 1
41 12 7 2 3 2
41 5 11 4 3 3
41 4 20 5 5 4
41 1 20 7 5 5
41 2 20 10 6 7
41 6 20 8 4 6
41 8 20 17 6 12
41 9 20 10 6 7
41 10 20 14 4 10
41 11 20 1 2 1
41 19 20 10 2 7
41 21 20 14 2 10
41 25 20 2 2 2
41 26 20 15 1 11
41 27 20 12 1 9
61 17 2 5 4 4
61 16 5 4 7 3
61 14 7 7 5 5
61 13 11 1 6 1
61 30 11 11 4 8
61 15 10 7 7 5
61 7 2 7 7 5
61 29 10 8 5 6
61 24 5 10 4 7
61 22 7 2 5 2
61 20 1 7 6 5
61 12 2 2 3 2
61 4 5 2 6 2
61 1 7 4 6 3
61 6 8 11 5 8
61 8 17 12 7 9
61 9 10 1 7 1
61 10 14 14 5 10
61 11 1 10 2 7
61 25 2 14 3 10
61 21 14 1 3 1
61 18 2 2 0 2
61 28 12 10 0 7
61 3 8 4 5 3
61 23 8 14 5 10
61 5 4 2 4 2
61 2 10 10 6 7
61 27 12 1 0 9
61 26 15 1 0 11
61 19 10 1 0 7
81 19 1 28 0 20
81 26 1 25 0 18
81 27 1 12 0 9
81 5 2 12 5 9
81 3 4 20 6 14
81 28 10 11 1 8
81 21 1 14 3 10
81 9 1 22 7 16
81 8 12 24 8 17
81 1 4 27 7 19
81 4 2 17 7 12
81 22 2 21 5 15
81 29 8 15 6 11
81 15 7 21 8 15
81 13 1 28 6 20
81 16 4 8 8 6
81 2 10 10 7 7
81 18 2 14 1 10
81 10 14 18 6 13
81 12 2 8 3 6
81 30 11 25 4 18
81 14 7 21 6 15
81 17 2 12 5 9
81 7 2 21 7 15
81 24 5 28 5 20
81 20 1 14 6 10
81 6 8 28 6 20
81 11 1 20 2 14
81 25 2 20 4 14
81 23 8 25 6 18
101 2 10 14 8 10
101 19 1 18 0 13
101 26 1 28 0 20
101 27 1 12 0 9
101 5 2 10 5 7
101 3 4 15 6 11
101 28 10 28 2 20
101 21 1 24 3 17
101 9 1 20 7 14
101 8 12 15 9 11
101 1 4 18 8 13
101 4 2 21 7 15
101 22 2 15 5 11
101 29 8 21 6 15
101 15 7 21 9 15
101 13 1 18 6 13
101 16 4 20 9 14
101 18 2 22 1 16
101 10 14 24 7 17
101 12 2 24 4 17
101 30 11 18 5 13
101 14 7 8 7 6
101 17 2 14 5 10
101 7 2 10 7 7
101 24 5 21 5 15
101 20 1 22 6 16
101 6 8 25 6 18
101 11 1 25 2 18
101 25 2 14 4 10
101 23 8 22 6 16
121 11 1 15 2 11
121 6 8 14 7 10
121 20 1 11 6 8
121 24 5 22 6 16
121 7 2 27 8 19
121 17 2 14 5 10
121 14 7 28 8 20
121 30 11 18 5 13
121 12 2 25 4 18
121 10 14 18 8 13
121 16 4 21 9 15
121 13 1 25 6 18
121 15 7 8 9 6
121 29 8 22 7 16
121 22 2 11 5 8
121 4 2 22 8 16
121 1 4 25 8 18
121 8 12 25 10 18
121 9 1 22 7 16
121 2 10 14 8 10
121 19 1 20 0 14
121 26 1 28 0 20
121 27 1 12 0 9
121 5 2 20 5 14
121 3 4 27 7 19
121 28 10 21 3 15
121 21 1 22 3 16
121 18 2 22 1 16
121 25 2 17 5 12
121 23 8 12 7 9
141 11 1 17 2 12
141 6 8 22 7 16
141 20 1 14 6 10
141 24 5 15 6 11
141 7 2 27 8 19
141 17 2 22 6 16
141 14 7 5 8 4
141 30 11 18 6 13
141 12 2 27 4 19
141 10 14 15 9 11
141 16 4 20 10 14
141 13 1 27 6 19
141 15 7 14 9 10
141 29 8 27 8 19
141 22 2 21 6 15
141 4 2 18 8 13
141 1 4 17 9 12
141 8 12 18 11 13
141 9 1 15 7 11
141 2 10 14 9 10
141 19 1 28 0 20
141 26 1 27 0 19
141 27 1 28 0 20
141 5 2 7 6 5
141 3 4 15 7 11
141 28 10 20 3 14
141 21 1 21 3 15
141 18 2 28 2 20
141 25 2 25 5 18
141 23 8 12 7 9
161 14 5 12 9 9
161 11 1 17 2 12
161 6 8 17 8 12
161 20 1 10 6 7
161 24 5 10 6 7
161 7 2 12 8 9
161 17 2 15 6 11
161 30 11 20 7 14
161 12 2 15 4 11
161 10 14 20 9 14
161 16 4 22 10 16
161 13 1 21 6 15
161 15 7 25 10 18
161 29 8 17 9 12
161 22 2 21 6 15
161 4 2 11 9 8
161 1 4 12 9 9
161 8 12 17 12 12
161 9 1 21 7 15
161 2 10 17 10 12
161 19 1 20 0 14
161 26 1 21 0 15
161 27 1 11 0 8
161 5 2 20 6 14
161 3 4 10 8 7
161 28 10 27 4 19
161 21 1 20 3 14
161 18 2 21 2 15
161 25 2 20 6 14
161 23 8 28 8 20
181 23 8 21 9 15
181 28 10 22 5 16
181 3 4 27 8 19
181 5 2 25 6 18
181 27 1 20 0 14
181 26 1 25 0 18
181 19 1 28 0 20
181 2 10 28 10 20
181 9 1 18 7 13
181 8 12 11 13 8
181 1 4 12 9 9
181 4 2 28 9 20
181 22 2 28 6 20
181 29 8 21 9 15
181 15 7 7 10 5
181 13 1 28 6 20
181 16 4 25 10 18
181 10 14 18 10 13
181 12 2 17 5 12
181 30 11 18 8 13
181 17 2 17 6 12
181 7 2 24 8 17
181 24 5 12 7 9
181 20 1 24 6 17
181 6 8 27 9 19
181 11 1 24 2 17
181 14 5 10 9 7
181 21 1 27 3 19
181 18 2 12 2 9
181 25 2 24 6 17
201 8 11 22 14 16
201 15 7 28 11 20
201 23 8 25 9 18
201 28 10 21 6 15
201 3 4 21 8 15
201 5 2 11 6 8
201 27 1 21 0 15
201 26 1 24 0 17
201 19 1 22 0 16
201 2 10 22 11 16
201 9 1 27 7 19
201 1 4 27 10 19
201 4 2 18 9 13
201 22 2 15 6 11
201 29 8 12 9 9
201 13 1 28 6 20
201 16 4 11 10 8
201 10 14 15 11 11
201 12 2 5 5 4
201 30 11 11 9 8
201 17 2 18 7 13
201 7 2 20 9 14
201 24 5 28 7 20
201 20 1 27 6 19
201 6 8 25 9 18
201 11 1 18 2 13
201 14 5 4 9 3
201 21 1 18 3 13
201 18 2 27 2 19
201 25 2 20 6 14
221 14 4 17 9 12
221 30 11 15 10 11
221 8 11 14 15 10
221 15 7 20 11 14
221 23 8 12 10 9
221 28 10 8 7 6
221 3 4 27 9 19
221 5 2 28 7 20
221 27 1 20 0 14
221 26 1 21 0 15
221 19 1 28 0 20
221 2 10 17 11 12
221 9 1 15 7 11
221 1 4 21 10 15
221 4 2 27 9 19
221 22 2 22 6 16
221 29 8 14 9 10
221 13 1 15 6 11
221 16 4 28 11 20
221 10 14 15 12 11
221 12 2 4 5 3
221 17 2 28 7 20
221 7 2 11 9 8
221 24 5 17 7 12
221 20 1 11 6 8
221 6 8 17 10 12
221 11 1 25 2 18
221 21 1 27 3 19
221 18 2 10 3 7
221 25 2 15 7 11
241 21 1 21 3 15
241 11 1 21 2 15
241 6 8 10 10 7
241 20 1 28 6 20
241 24 5 11 8 8
241 7 2 5 9 4
241 17 2 14 7 10
241 12 2 27 5 19
241 10 14 17 13 12
241 16 4 21 11 15
241 13 1 28 6 20
241 29 8 21 10 15
241 22 2 25 6 18
241 4 2 18 9 13
241 1 4 25 10 18
241 9 1 17 7 12
241 2 10 20 12 14
241 19 1 20 0 14
241 26 1 21 0 15
241 5 2 21 7 15
241 3 4 10 9 7
241 23 8 18 11 13
241 15 7 14 12 10
241 8 11 12 16 9
241 30 11 10 11 7
241 14 4 24 10 17
241 28 8 10 8 7
241 18 2 17 3 12
241 25 2 20 7 14
241 27 1 18 0 13
261 30 10 17 11 12
261 21 1 14 3 10
261 11 1 27 2 19
261 6 8 12 11 9
261 20 1 17 6 12
261 24 5 7 8 5
261 7 2 17 9 12
261 17 2 15 7 11
261 12 2 2 5 2
261 10 14 24 14 17
261 16 4 14 11 10
261 13 1 20 6 14
261 29 8 17 10 12
261 22 2 14 7 10
261 4 2 17 10 12
261 1 4 17 10 12
261 9 1 27 7 19
261 2 10 21 13 15
261 19 1 24 0 17
261 26 1 22 0 16
261 5 2 7 7 5
261 3 4 8 9 6
261 23 8 22 11 16
261 15 7 25 12 18
261 8 11 10 17 7
261 14 4 11 10 8
261 28 8 14 8 10
261 18 2 18 3 13
261 25 2 21 7 15
261 27 1 14 0 10
281 8 10 17 18 12
281 12 2 27 5 19
281 30 10 10 11 7
281 21 1 21 3 15
281 11 1 27 2 19
281 6 8 10 11 7
281 20 1 27 6 19
281 24 5 18 8 13
281 7 2 21 9 15
281 17 2 22 8 16
281 10 14 22 15 16
281 16 4 12 11 9
281 13 1 24 6 17
281 29 8 18 11 13
281 22 2 12 7 9
281 4 2 20 10 14
281 1 4 8 11 6
281 9 1 15 7 11
281 2 10 17 13 12
281 19 1 18 0 13
281 26 1 24 0 17
281 5 2 11 7 8
281 3 4 27 9 19
281 23 8 14 11 10
281 15 7 11 13 8
281 14 4 2 11 2
281 28 8 10 8 7
281 18 2 28 3 20
281 25 2 21 7 15
281 27 1 21 0 15
301 25 2 12 8 9
301 28 8 20 9 14
301 15 7 21 13 15
301 23 8 12 12 9
301 3 4 14 10 10
301 5 2 28 7 20
301 26 1 27 0 19
301 19 1 22 0 16
301 2 10 18 13 13
301 9 1 22 7 16
301 1 4 25 11 18
301 4 2 11 10 8
301 22 2 17 7 12
301 29 8 10 11 7
301 13 1 24 6 17
301 16 4 21 12 15
301 10 14 18 16 13
301 17 2 14 8 10
301 7 2 14 10 10
301 24 5 8 9 6
301 20 1 18 6 13
301 6 8 17 11 12
301 11 1 25 2 18
301 21 1 15 3 11
301 12 2 1 5 1
301 8 10 25 19 18
301 30 10 24 12 17
301 14 2 1 11 1
301 27 1 22 0 16
301 18 2 20 3 14
321 14 1 4 11 3
321 12 1 14 5 10
321 25 2 18 8 13
321 28 8 22 9 16
321 15 7 10 13 7
321 23 8 11 12 8
321 3 4 20 10 14
321 5 2 17 8 12
321 26 1 27 0 19
321 19 1 27 0 19
321 2 10 15 14 11
321 9 1 21 7 15
321 1 4 25 11 18
321 4 2 20 10 14
321 22 2 27 7 19
321 29 8 10 11 7
321 13 1 15 6 11
321 16 4 21 12 15
321 10 14 27 17 19
321 17 2 28 8 20
321 7 2 7 10 5
321 24 5 12 9 9
321 20 1 28 6 20
321 6 8 22 12 16
321 11 1 22 2 16
321 21 1 20 3 14
321 8 10 14 19 10
321 30 10 28 12 20
321 27 1 11 0 8
321 18 2 25 4 18
341 14 1 28 11 20
341 12 1 25 5 18
341 25 2 28 8 20
341 28 8 11 9 8
341 15 7 25 13 18
341 23 8 27 12 19
341 3 4 15 10 11
341 5 2 12 8 9
341 26 1 18 0 13
341 19 1 28 0 20
341 2 10 17 15 12
341 9 1 24 7 17
341 1 4 28 11 20
341 4 2 24 10 17
341 22 2 18 7 13
341 29 8 20 12 14
341 13 1 14 6 10
341 16 4 22 12 16
341 10 14 27 17 19
341 17 2 22 8 16
341 7 2 11 10 8
341 24 5 14 9 10
341 20 1 17 6 12
341 6 8 22 12 16
341 11 1 21 2 15
341 21 1 14 3 10
341 8 10 18 19 13
341 30 10 17 12 12
341 27 1 21 0 15
341 18 2 21 4 15
361 27 1 15 0 11
361 30 10 25 13 18
361 8 10 11 19 8
361 21 1 22 3 16
361 11 1 25 2 18
361 6 8 15 13 11
361 20 1 15 6 11
361 24 5 22 9 16
361 7 2 25 10 18
361 17 2 27 8 19
361 10 14 22 18 16
361 16 4 22 12 16
361 13 1 28 6 20
361 29 8 20 12 14
361 22 2 11 7 8
361 4 2 22 10 16
361 1 4 8 12 6
361 9 1 17 7 12
361 2 10 27 15 19
361 19 1 27 0 19
361 26 1 22 0 16
361 5 2 5 8 4
361 3 4 24 10 17
361 23 8 25 13 18
361 15 7 17 13 12
361 28 8 8 10 6
361 25 2 20 8 14
361 12 1 12 5 9
361 14 1 25 11 18
361 18 2 28 4 20
381 28 8 10 10 7
381 27 1 27 0 19
381 30 10 21 14 15
381 8 10 21 20 15
381 21 1 27 3 19
381 11 1 27 2 19
381 6 8 22 13 16
381 20 1 24 6 17
381 24 5 24 10 17
381 7 2 15 10 11
381 17 2 12 9 9
381 10 14 18 18 13
381 16 4 22 12 16
381 13 1 22 6 16
381 29 8 11 13 8
381 22 2 15 7 11
381 4 2 8 11 6
381 1 4 25 12 18
381 9 1 18 7 13
381 2 10 14 16 10
381 19 1 22 0 16
381 26 1 27 0 19
381 5 2 11 8 8
381 3 4 14 10 10
381 23 8 28 13 20
381 15 7 14 14 10
381 25 2 12 8 9
381 12 1 24 5 17
381 14 1 25 11 18
381 18 2 8 4 6
401 28 8 22 11 16
401 27 1 14 0 10
401 30 10 25 14 18
401 8 10 25 20 18
401 21 1 14 3 10
401 11 1 24 2 17
401 6 8 14 14 10
401 20 1 27 6 19
401 24 5 7 10 5
401 7 2 22 10 16
401 17 2 24 9 17
401 10 14 21 18 15
401 16 4 5 12 4
401 13 1 14 6 10
401 29 8 11 14 8
401 22 2 11 8 8
401 4 2 21 11 15
401 1 4 10 12 7
401 9 1 22 7 16
401 2 10 15 17 11
401 19 1 27 0 19
401 26 1 20 0 14
401 5 2 4 8 3
401 3 4 20 11 14
401 23 8 15 14 11
401 15 7 17 14 12
401 25 2 20 9 14
401 12 1 4 5 3
401 14 1 17 11 12
401 18 2 11 4 8
421 14 1 14 11 10
421 12 1 15 5 11
421 25 2 5 9 4
421 15 7 17 14 12
421 23 8 15 14 11
421 3 4 24 11 17
421 5 2 17 8 12
421 26 1 17 0 12
421 2 10 27 17 19
421 9 1 25 7 18
421 1 4 8 12 6
421 4 2 20 11 14
421 22 2 11 8 8
421 29 8 15 14 11
421 13 1 25 6 18
421 16 4 5 13 4
421 10 14 18 19 13
421 17 2 7 9 5
421 7 2 5 11 4
421 24 5 8 10 6
421 20 1 28 6 20
421 6 8 21 14 15
421 11 1 18 2 13
421 21 1 20 3 14
421 8 10 24 20 17
421 30 10 17 15 12
421 28 8 18 12 13
421 18 2 20 4 14
421 19 1 28 0 20
421 27 1 20 0 14
441 14 1 22 11 16
441 12 1 15 5 11
441 25 2 7 9 5
441 15 7 15 15 11
441 23 8 11 15 8
441 3 4 27 11 19
441 5 2 12 8 9
441 26 1 21 0 15
441 2 10 20 18 14
441 9 1 22 7 16
441 1 4 28 12 20
441 4 2 21 11 15
441 22 2 24 8 17
441 29 8 12 14 9
441 13 1 21 6 15
441 16 4 11 13 8
441 10 14 17 20 12
441 17 2 24 9 17
441 7 2 24 11 17
441 24 5 7 10 5
441 20 1 27 6 19
441 6 8 21 14 15
441 11 1 25 2 18
441 21 1 20 3 14
441 8 10 17 21 12
441 30 10 18 16 13
441 28 8 24 12 17
441 18 2 12 5 9
441 19 1 22 0 16
441 27 1 25 0 18
461 14 1 21 11 15
461 12 1 2 5 2
461 25 2 10 9 7
461 15 7 12 15 9
461 23 8 12 15 9
461 3 4 8 11 6
461 5 2 12 8 9
461 26 1 21 0 15
461 2 10 11 18 8
461 9 1 18 7 13
461 1 4 11 13 8
461 4 2 25 11 18
461 22 2 7 8 5
461 29 8 10 14 7
461 13 1 21 6 15
461 16 4 18 13 13
461 10 14 20 21 14
461 17 2 11 9 8
461 7 2 17 11 12
461 24 5 21 11 15
461 20 1 22 6 16
461 6 8 20 15 14
461 11 1 15 2 11
461 21 1 15 3 11
461 8 10 14 22 10
461 30 10 18 17 13
461 28 8 17 13 12
461 18 2 24 5 17
461 19 1 20 0 14
461 27 1 27 0 19
481 18 2 25 5 18
481 28 8 17 13 12
481 30 10 12 18 9
481 8 10 11 23 8
481 21 1 20 3 14
481 6 8 20 15 14
481 24 5 21 11 15
481 7 2 7 11 5
481 10 14 24 22 17
481 16 4 25 13 18
481 13 1 18 6 13
481 29 8 12 15 9
481 22 2 17 8 12
481 4 2 8 11 6
481 1 4 12 13 9
481 9 1 15 7 11
481 2 10 15 19 11
481 26 1 22 0 16
481 5 2 27 9 19
481 3 4 15 11 11
481 23 8 17 16 12
481 15 7 25 16 18
481 25 2 21 9 15
481 12 1 5 5 4
481 14 1 25 11 18
481 19 1 24 0 17
481 27 1 21 0 15
481 11 1 22 2 16
481 20 1 18 6 13
481 17 2 11 9 8
501 18 2 28 5 20
501 28 8 10 13 7
501 30 10 18 18 13
501 8 10 17 24 12
501 21 1 18 3 13
501 6 8 14 16 10
501 24 5 20 11 14
501 7 2 8 11 6
501 10 14 12 23 9
501 16 4 25 13 18
501 13 1 14 6 10
501 29 8 8 15 6
501 22 2 11 8 8
501 4 2 20 11 14
501 1 4 28 13 20
501 9 1 20 7 14
501 2 10 8 20 6
501 26 1 21 0 15
501 5 2 20 9 14
501 3 4 11 12 8
501 23 8 17 16 12
501 15 7 12 16 9
501 25 2 22 9 16
501 12 1 21 5 15
501 14 1 28 11 20
501 19 1 22 0 16
501 27 1 12 0 9
501 11 1 27 2 19
501 20 1 18 6 13
501 17 2 7 10 5
521 2 8 8 20 6
521 10 12 17 24 12
521 29 8 20 16 14
521 18 2 14 5 10
521 28 8 8 13 6
521 30 10 21 18 15
521 8 10 11 25 8
521 21 1 20 3 14
521 6 8 22 16 16
521 24 5 10 11 7
521 7 2 11 11 8
521 16 4 12 14 9
521 13 1 22 6 16
521 22 2 15 8 11
521 4 2 8 12 6
521 1 4 20 13 14
521 9 1 27 7 19
521 26 1 15 0 11
521 5 2 28 9 20
521 3 4 14 12 10
521 23 8 22 16 16
521 15 7 12 17 9
521 25 2 27 10 19
521 12 1 24 5 17
521 14 1 5 11 4
521 19 1 28 0 20
521 27 1 22 0 16
521 11 1 28 2 20
521 20 1 25 6 18
521 17 2 22 10 16
541 14 1 7 11 5
541 12 1 4 5 3
541 15 7 11 17 8
541 23 8 10 17 7
541 3 4 28 12 20
541 9 1 24 7 17
541 1 4 15 13 11
541 4 2 17 12 12
541 22 2 5 8 4
541 13 1 21 6 15
541 7 2 10 11 7
541 24 5 5 12 4
541 6 8 20 16 14
541 8 10 22 26 16
541 30 10 21 19 15
541 29 8 20 16 14
541 10 12 20 25 14
541 2 8 22 20 16
541 28 8 5 14 4
541 11 1 20 2 14
541 20 1 18 6 13
541 17 2 28 10 20
541 27 1 17 0 12
541 19 1 27 0 19
541 25 2 11 10 8
541 5 2 15 9 11
541 26 1 22 0 16
541 16 4 12 14 9
541 21 1 24 3 17
541 18 2 11 5 8
561 28 5 22 14 16
561 24 5 11 12 8
561 14 1 10 11 7
561 12 1 8 5 6
561 15 7 11 17 8
561 23 8 15 17 11
561 3 4 15 12 11
561 9 1 18 7 13
561 1 4 10 14 7
561 4 2 10 12 7
561 22 2 25 8 18
561 13 1 25 6 18
561 7 2 12 11 9
561 6 8 11 17 8
561 8 10 21 26 15
561 30 10 14 19 10
561 29 8 21 16 15
561 10 12 24 26 17
561 2 8 27 21 19
561 11 1 24 2 17
561 20 1 27 6 19
561 17 2 12 10 9
561 27 1 18 0 13
561 19 1 20 0 14
561 25 2 11 10 8
561 5 2 5 9 4
561 26 1 27 0 19
561 16 4 27 14 19
561 21 1 15 3 11
561 18 2 8 5 6
581 28 5 8 14 6
581 24 5 28 12 20
581 14 1 28 11 20
581 12 1 22 5 16
581 15 7 14 17 10
581 23 8 24 17 17
581 3 4 12 12 9
581 9 1 18 7 13
581 1 4 11 14 8
581 4 2 22 12 16
581 22 2 11 9 8
581 13 1 24 6 17
581 7 2 11 11 8
581 6 8 15 17 11
581 8 10 24 26 17
581 30 10 18 19 13
581 29 8 11 17 8
581 10 12 12 26 9
581 2 8 5 22 4
581 11 1 24 2 17
581 20 1 27 6 19
581 17 2 8 10 6
581 27 1 15 0 11
581 19 1 21 0 15
581 25 2 5 10 4
581 5 2 25 9 18
581 26 1 27 0 19
581 16 4 10 14 7
581 21 1 22 3 16
581 18 2 24 5 17
601 29 8 22 17 16
601 30 10 11 20 8
601 8 10 20 26 14
601 6 8 11 18 8
601 7 2 28 11 20
601 22 2 24 9 17
601 4 2 21 12 15
601 1 4 25 14 18
601 9 1 22 7 16
601 3 4 10 13 7
601 23 8 8 18 6
601 15 7 11 17 8
601 14 1 11 11 8
601 24 5 10 12 7
601 28 5 21 15 15
601 10 12 28 27 20
601 27 1 18 0 13
601 19 1 27 0 19
601 25 2 25 10 18
601 5 2 10 9 7
601 26 1 20 0 14
601 16 4 18 14 13
601 21 1 18 3 13
601 18 2 12 6 9
601 17 2 8 10 6
601 20 1 21 6 15
601 11 1 22 2 16
601 13 1 14 6 10
601 12 1 25 5 18
601 2 5 28 22 20
621 23 8 27 18 19
621 29 8 21 18 15
621 30 10 8 21 6
621 8 10 24 27 17
621 6 8 28 18 20
621 7 2 11 12 8
621 22 2 17 9 12
621 4 2 25 12 18
621 1 4 18 14 13
621 9 1 20 7 14
621 3 4 8 13 6
621 15 7 12 18 9
621 14 1 10 11 7
621 24 5 27 13 19
621 28 5 8 15 6
621 10 12 11 27 8
621 27 1 24 0 17
621 19 1 28 0 20
621 25 2 20 10 14
621 5 2 11 9 8
621 26 1 17 0 12
621 16 4 18 14 13
621 21 1 14 3 10
621 18 2 28 6 20
621 17 2 18 10 13
621 20 1 17 6 12
621 11 1 22 2 16
621 13 1 22 6 16
621 12 1 11 5 8
621 2 5 14 23 10
641 10 11 21 27 15
641 30 8 25 21 18
641 23 8 20 19 14
641 29 8 24 19 17
641 8 10 17 27 12
641 6 8 17 19 12
641 7 2 5 12 4
641 22 2 24 9 17
641 4 2 27 12 19
641 1 4 27 14 19
641 9 1 27 7 19
641 3 4 17 13 12
641 15 7 7 18 5
641 14 1 2 11 2
641 24 5 20 13 14
641 28 5 28 16 20
641 27 1 14 0 10
641 19 1 22 0 16
641 25 2 7 10 5
641 5 2 14 9 10
641 26 1 25 0 18
641 16 4 24 14 17
641 21 1 14 3 10
641 18 2 25 6 18
641 17 2 5 10 4
641 20 1 22 6 16
641 11 1 24 2 17
641 13 1 27 6 19
641 12 1 4 5 3
641 2 5 7 24 5
661 18 2 11 6 8
661 21 1 20 3 14
661 16 4 2 15 2
661 26 1 15 0 11
661 25 2 14 10 10
661 28 5 7 17 5
661 24 5 24 13 17
661 14 1 28 11 20
661 9 1 24 7 17
661 1 4 27 15 19
661 4 2 18 13 13
661 22 2 8 9 6
661 7 2 21 12 15
661 6 8 27 19 19
661 29 8 8 19 6
661 23 8 27 19 19
661 30 8 17 22 12
661 10 11 11 28 8
661 15 7 7 18 5
661 17 2 22 10 16
661 20 1 12 6 9
661 11 1 25 2 18
661 13 1 28 6 20
661 12 1 14 5 10
661 2 5 21 24 15
661 5 2 12 10 9
661 19 1 25 0 18
661 27 1 18 0 13
661 3 4 2 13 2
661 8 10 24 27 17
681 3 2 7 13 5
681 16 2 28 15 20
681 15 7 18 19 13
681 10 11 21 29 15
681 29 8 14 19 10
681 18 2 11 6 8
681 21 1 20 3 14
681 26 1 27 0 19
681 25 2 4 10 3
681 28 5 20 17 14
681 24 5 18 13 13
681 14 1 7 11 5
681 9 1 15 7 11
681 1 4 10 15 7
681 4 2 24 13 17
681 22 2 12 9 9
681 7 2 15 12 11
681 6 8 12 19 9
681 23 8 15 20 11
681 30 8 27 23 19
681 17 2 21 11 15
681 20 1 14 6 10
681 11 1 21 2 15
681 13 1 22 6 16
681 12 1 22 5 16
681 2 5 12 25 9
681 5 2 12 10 9
681 19 1 22 0 16
681 27 1 17 0 12
681 8 10 20 28 14
701 3 2 2 13 2
701 16 2 20 15 14
701 15 7 25 19 18
701 10 11 10 30 7
701 29 8 22 19 16
701 18 2 24 6 17
701 21 1 28 3 20
701 26 1 28 0 20
701 25 2 10 11 7
701 28 5 5 17 4
701 24 5 18 14 13
701 14 1 21 11 15
701 9 1 21 7 15
701 1 4 15 15 11
701 4 2 12 13 9
701 22 2 8 9 6
701 7 2 10 12 7
701 6 8 15 20 11
701 23 8 12 20 9
701 30 8 12 24 9
701 17 2 20 11 14
701 20 1 28 6 20
701 11 1 22 2 16
701 13 1 21 6 15
701 12 1 22 5 16
701 2 5 4 25 3
701 5 2 5 10 4
701 19 1 21 0 15
701 27 1 25 0 18
701 8 10 12 29 9
721 17 2 21 11 15
721 30 8 17 25 12
721 23 8 8 21 6
721 6 8 18 20 13
721 7 2 28 12 20
721 22 2 5 9 4
721 4 2 5 13 4
721 1 4 22 15 16
721 9 1 24 7 17
721 14 1 17 11 12
721 24 5 28 14 20
721 26 1 17 0 12
721 29 8 21 20 15
721 15 7 5 20 4
721 16 2 11 15 8
721 28 5 22 17 16
721 2 4 11 25 8
721 3 2 12 14 9
721 5 2 5 10 4
721 19 1 24 0 17
721 27 1 20 0 14
721 8 10 14 30 10
721 12 1 24 5 17
721 13 1 24 6 17
721 11 1 22 2 16
721 20 1 27 6 19
721 25 2 15 11 11
721 21 1 20 3 14
721 18 2 7 6 5
721 10 10 12 31 9
741 15 5 21 20 15
741 23 8 8 21 6
741 17 2 28 11 20
741 30 8 24 25 17
741 6 8 14 21 10
741 7 2 12 12 9
741 22 2 14 9 10
741 4 2 5 13 4
741 1 4 7 15 5
741 9 1 18 7 13
741 14 1 10 11 7
741 24 5 4 14 3
741 26 1 18 0 13
741 29 8 15 20 11
741 16 2 1 15 1
741 28 5 27 17 19
741 2 4 21 25 15
741 3 2 11 14 8
741 5 2 28 10 20
741 19 1 24 0 17
741 27 1 12 0 9
741 8 10 15 31 11
741 12 1 21 5 15
741 13 1 27 6 19
741 11 1 22 2 16
741 20 1 28 6 20
741 25 2 5 11 4
741 21 1 15 3 11
741 18 2 22 6 16
741 10 10 10 31 7
761 16 1 27 15 19
761 24 4 4 14 3
761 10 10 25 32 18
761 23 8 21 21 15
761 15 5 25 21 18
761 17 2 14 11 10
761 30 8 17 25 12
761 6 8 15 21 11
761 7 2 20 12 14
761 22 2 12 9 9
761 4 2 22 13 16
761 1 4 2 15 2
761 9 1 25 7 18
761 14 1 25 11 18
761 26 1 25 0 18
761 29 8 15 21 11
761 28 5 4 18 3
761 2 4 14 25 10
761 3 2 12 14 9
761 5 2 15 10 11
761 19 1 27 0 19
761 27 1 12 0 9
761 8 10 24 32 17
761 12 1 4 5 3
761 13 1 14 6 10
761 11 1 25 2 18
761 20 1 15 6 11
761 25 2 17 11 12
761 21 1 28 3 20
761 18 2 27 6 19
781 5 2 25 10 18
781 3 2 2 14 2
781 2 4 17 25 12
781 29 8 21 21 15
781 26 1 22 0 16
781 9 1 28 7 20
781 4 2 11 13 8
781 22 2 18 10 13
781 7 2 8 12 6
781 6 8 27 21 19
781 30 8 15 26 11
781 17 2 21 11 15
781 15 5 28 21 20
781 24 4 2 15 2
781 1 2 14 16 10
781 28 4 22 18 16
781 10 10 24 33 17
781 12 1 28 5 20
781 13 1 21 6 15
781 11 1 21 2 15
781 20 1 8 6 6
781 25 2 5 11 4
781 21 1 25 3 18
781 18 2 11 7 8
781 8 10 10 33 7
781 27 1 17 0 12
781 19 1 25 0 18
781 14 1 4 11 3
781 23 8 11 22 8
781 16 1 20 15 14
801 24 2 2 15 2
801 8 10 22 33 16
801 3 2 1 14 1
801 5 2 18 10 13
801 2 4 27 25 19
801 29 8 15 21 11
801 26 1 25 0 18
801 9 1 24 7 17
801 4 2 11 13 8
801 22 2 24 10 17
801 7 2 20 12 14
801 6 8 21 22 15
801 30 8 8 26 6
801 17 2 21 11 15
801 15 5 4 21 3
801 1 2 1 16 1
801 28 4 8 18 6
801 10 10 11 34 8
801 12 1 15 5 11
801 13 1 24 6 17
801 11 1 28 2 20
801 20 1 14 6 10
801 25 2 15 11 11
801 21 1 18 3 13
801 18 2 24 7 17
801 27 1 11 0 8
801 19 1 27 0 19
801 14 1 25 11 18
801 23 8 17 22 12
801 16 1 25 15 18
821 1 1 18 16 13
821 15 4 7 21 5
821 3 1 24 14 17
821 30 8 11 26 8
821 24 2 15 15 11
821 8 10 15 33 11
821 5 2 25 10 18
821 2 4 18 26 13
821 29 8 14 22 10
821 26 1 25 0 18
821 9 1 17 7 12
821 4 2 4 14 3
821 22 2 2 10 2
821 7 2 1 12 1
821 6 8 25 22 18
821 17 2 25 11 18
821 28 4 8 18 6
821 10 10 15 34 11
821 12 1 28 5 20
821 13 1 22 6 16
821 11 1 17 2 12
821 20 1 18 6 13
821 25 2 5 11 4
821 21 1 27 3 19
821 18 2 8 7 6
821 27 1 22 0 16
821 19 1 20 0 14
821 14 1 17 11 12
821 23 8 27 22 19
821 16 1 4 15 3
841 25 2 2 11 2
841 10 10 7 34 5
841 28 4 1 18 1
841 4 2 1 14 1
841 9 1 11 7 8
841 29 8 4 22 3
841 5 2 1 10 1
841 24 2 1 15 1
841 30 8 5 26 4
841 15 4 1 21 1
841 1 1 1 16 1
841 22 2 2 10 2
841 7 1 1 12 1
841 8 10 7 33 5
841 27 1 7 0 5
841 19 1 11 0 8
841 14 1 1 11 1
841 23 8 1 23 1
841 16 1 1 15 1
841 18 2 2 7 2
841 21 1 1 3 1
841 20 1 4 6 3
841 11 1 7 2 5
841 13 1 8 6 6
841 12 1 1 5 1
841 17 2 2 11 2
841 6 8 2 23 2
841 26 1 7 0 5
841 2 4 1 26 1
841 3 1 1 14 1
861 2 1 4 26 3
861 6 2 25 23 18
861 23 1 21 23 15
861 8 7 14 34 10
861 15 1 27 21 19
861 30 5 8 26 6
861 24 1 27 15 19
861 5 1 22 10 16
861 29 4 7 23 5
861 4 1 25 14 18
861 28 1 10 18 7
861 10 7 27 34 19
861 3 1 17 14 12
861 17 2 20 11 14
861 12 1 28 5 20
861 21 1 17 3 12
861 18 2 20 7 14
861 16 1 1 15 1
861 14 1 10 11 7
861 7 1 28 12 20
861 22 2 8 10 6
861 1 1 14 16 10
861 25 2 11 11 8
861 9 1 28 7 20
861 27 1 21 0 15
861 19 1 22 0 16
861 20 1 22 6 16
861 11 1 15 2 11
861 13 1 28 6 20
861 26 1 21 0 15
881 16 1 4 15 3
881 2 1 28 26 20
881 6 2 24 24 17
881 23 1 12 23 9
881 8 7 20 34 14
881 15 1 7 21 5
881 30 5 22 27 16
881 24 1 4 15 3
881 5 1 8 10 6
881 29 4 7 24 5
881 4 1 17 14 12
881 28 1 10 18 7
881 10 7 15 35 11
881 3 1 21 14 15
881 17 2 20 12 14
881 12 1 2 5 2
881 21 1 27 3 19
881 18 2 10 7 7
881 14 1 8 11 6
881 7 1 24 12 17
881 22 2 27 10 19
881 1 1 4 16 3
881 25 2 15 11 11
881 9 1 22 7 16
881 27 1 25 0 18
881 19 1 20 0 14
881 20 1 18 6 13
881 11 1 22 2 16
881 13 1 14 6 10
881 26 1 17 0 12
901 19 1 28 0 20
901 9 1 24 7 17
901 25 2 21 12 15
901 1 1 18 16 13
901 22 2 11 10 8
901 7 1 28 12 20
901 28 1 20 18 14
901 4 1 5 14 4
901 29 4 15 24 11
901 24 1 28 15 20
901 30 5 20 27 14
901 15 1 10 21 7
901 23 1 18 23 13
901 16 1 2 15 2
901 2 1 24 26 17
901 6 2 10 24 7
901 3 1 1 14 1
901 17 2 10 12 7
901 12 1 5 5 4
901 21 1 28 3 20
901 18 2 20 7 14
901 20 1 11 6 8
901 11 1 22 2 16
901 13 1 17 6 12
901 26 1 24 0 17
901 27 1 22 0 16
901 14 1 5 11 4
901 10 7 10 35 7
901 5 1 10 10 7
901 8 7 27 34 19
921 3 1 22 14 16
921 19 1 25 0 18
921 9 1 25 7 18
921 25 2 18 12 13
921 1 1 27 16 19
921 22 2 25 10 18
921 7 1 24 12 17
921 28 1 7 18 5
921 4 1 8 14 6
921 29 4 24 24 17
921 24 1 2 15 2
921 30 5 28 28 20
921 15 1 21 21 15
921 23 1 10 23 7
921 16 1 2 15 2
921 2 1 28 26 20
921 6 2 20 24 14
921 17 2 27 12 19
921 12 1 11 5 8
921 21 1 25 3 18
921 18 2 18 7 13
921 20 1 14 6 10
921 11 1 24 2 17
921 13 1 20 6 14
921 26 1 22 0 16
921 27 1 21 0 15
921 14 1 24 11 17
921 10 7 8 36 6
921 5 1 25 10 18
921 8 7 8 35 6
941 3 1 1 14 1
941 19 1 11 0 8
941 9 1 12 7 9
941 25 2 1 12 1
941 1 1 1 16 1
941 22 2 2 10 2
941 7 1 1 12 1
941 28 1 2 18 2
941 4 1 4 14 3
941 29 4 1 24 1
941 24 1 2 15 2
941 30 5 1 29 1
941 15 1 2 21 2
941 23 1 2 23 2
941 16 1 1 15 1
941 2 1 2 26 2
941 6 2 1 24 1
941 17 2 1 12 1
941 12 1 1 5 1
941 21 1 12 3 9
941 18 2 1 7 1
941 20 1 5 6 4
941 11 1 10 2 7
941 13 1 4 6 3
941 26 1 14 0 10
941 27 1 8 0 6
941 14 1 1 11 1
941 10 7 2 37 2
941 5 1 1 10 1
941 8 7 2 36 2
961 26 1 1 0 1
961 13 1 1 6 1
961 20 1 1 6 1
961 21 1 1 3 1
961 23 1 1 23 1
961 15 1 4 21 3
961 24 1 1 15 1
961 4 1 2 14 2
961 28 1 2 18 2
961 9 1 1 7 1
961 19 1 10 0 7
961 3 1 1 14 1
961 1 1 1 16 1
961 7 1 1 12 1
961 25 1 1 12 1
961 29 1 1 24 1
961 30 1 1 29 1
961 6 1 4 24 3
961 17 1 1 12 1
961 18 1 1 7 1
961 8 2 4 37 3
961 10 2 1 38 1
961 5 1 1 10 1
961 14 1 1 11 1
961 27 1 1 0 1
961 11 1 4 2 3
961 2 1 2 26 2
961 22 2 2 10 2
961 16 1 1 15 1
961 12 1 1 5 1
981 10 1 4 38 3
981 12 1 1 5 1
981 16 1 1 15 1
981 22 2 2 10 2
981 27 1 7 0 5
981 14 1 1 11 1
981 5 1 1 10 1
981 18 1 1 7 1
981 17 1 1 12 1
981 30 1 1 29 1
981 29 1 4 24 3
981 25 1 1 12 1
981 7 1 1 12 1
981 1 1 1 16 1
981 3 1 1 14 1
981 9 1 10 7 7
981 24 1 1 15 1
981 23 1 5 23 4
981 21 1 12 3 9
981 20 1 2 6 2
981 13 1 1 6 1
981 26 1 8 0 6
981 15 1 2 21 2
981 4 1 2 14 2
981 28 1 1 18 1
981 19 1 17 0 12
981 6 1 2 24 2
981 8 2 4 37 3
981 11 1 10 2 7
981 2 1 1 26 1
1001 2 1 1 26 1
1001 28 1 1 18 1
1001 13 1 10 6 7
1001 24 1 1 15 1
1001 3 1 1 14 1
1001 1 1 1 16 1
1001 7 1 1 12 1
1001 25 1 1 12 1
1001 30 1 1 29 1
1001 17 1 1 12 1
1001 18 1 2 7 2
1001 5 1 1 10 1
1001 14 1 1 11 1
1001 22 2 1 11 1
1001 16 1 1 15 1
1001 12 1 1 5 1
1001 10 1 2 38 2
1001 27 1 1 0 1
1001 29 1 2 24 2
1001 9 1 10 7 7
1001 23 1 2 23 2
1001 21 1 4 3 3
1001 20 1 8 6 6
1001 26 1 5 0 4
1001 15 1 1 21 1
1001 4 1 1 14 1
1001 19 1 18 0 13
1001 6 1 1 24 1
1001 8 2 2 37 2
1001 11 1 8 2 6
1021 19 1 18 0 13
1021 20 1 7 6 5
1021 21 1 2 3 2
1021 23 1 4 23 3
1021 29 1 2 24 2
1021 10 1 2 38 2
1021 13 1 2 6 2
1021 28 1 1 18 1
1021 24 1 1 15 1
1021 1 1 1 16 1
1021 7 1 1 12 1
1021 25 1 1 12 1
1021 30 1 1 29 1
1021 5 1 1 10 1
1021 15 1 2 21 2
1021 4 1 1 14 1
1021 6 1 4 24 3
1021 8 2 2 38 2
1021 22 1 1 11 1
1021 12 1 1 5 1
1021 16 1 1 15 1
1021 2 1 1 26 1
1021 11 1 4 2 3
1021 26 1 5 0 4
1021 9 1 10 7 7
1021 18 1 2 7 2
1021 3 1 1 14 1
1021 17 1 1 12 1
1021 14 1 1 11 1
1021 27 1 4 0 3
1041 14 1 1 11 1
1041 17 1 1 12 1
1041 3 1 1 14 1
1041 2 1 2 26 2
1041 16 1 1 15 1
1041 12 1 1 5 1
1041 22 1 1 11 1
1041 8 2 2 38 2
1041 4 1 1 14 1
1041 5 1 1 10 1
1041 30 1 1 29 1
1041 25 1 1 12 1
1041 7 1 1 12 1
1041 1 1 1 16 1
1041 24 1 1 15 1
1041 28 1 2 18 2
1041 19 1 10 0 7
1041 20 1 8 6 6
1041 21 1 1 3 1
1041 23 1 2 23 2
1041 29 1 2 24 2
1041 10 1 2 38 2
1041 13 1 8 6 6
1041 15 1 2 21 2
1041 6 1 2 24 2
1041 11 1 5 2 4
1041 26 1 10 0 7
1041 9 1 15 7 11
1041 18 1 2 7 2
1041 27 1 4 0 3
1061 21 1 7 3 5
1061 24 1 2 15 2
1061 1 1 1 16 1
1061 7 1 1 12 1
1061 25 1 1 12 1
1061 30 1 2 29 2
1061 5 1 1 10 1
1061 4 1 4 14 3
1061 8 2 1 38 1
1061 22 1 1 11 1
1061 12 1 1 5 1
1061 16 1 1 15 1
1061 3 1 1 14 1
1061 17 1 1 12 1
1061 14 1 1 11 1
1061 2 1 1 26 1
1061 28 1 1 18 1
1061 19 1 14 0 10
1061 20 1 8 6 6
1061 23 1 2 23 2
1061 29 1 2 24 2
1061 10 1 1 38 1
1061 13 1 14 6 10
1061 15 1 2 21 2
1061 6 1 4 24 3
1061 11 1 12 2 9
1061 26 1 12 0 9
1061 9 1 10 7 7
1061 18 1 2 7 2
1061 27 1 11 0 8
1081 15 1 1 21 1
1081 13 1 1 6 1
1081 29 1 4 24 3
1081 4 1 2 14 2
1081 30 1 1 29 1
1081 24 1 2 15 2
1081 1 1 1 16 1
1081 7 1 1 12 1
1081 25 1 1 12 1
1081 22 1 1 11 1
1081 28 1 2 18 2
1081 14 1 1 11 1
1081 17 1 1 12 1
1081 3 1 1 14 1
1081 26 1 14 0 10
1081 9 1 15 7 11
1081 18 1 2 7 2
1081 27 1 8 0 6
1081 11 1 4 2 3
1081 6 1 1 24 1
1081 23 1 4 23 3
1081 20 1 8 6 6
1081 19 1 2 0 2
1081 21 1 2 3 2
1081 5 1 1 10 1
1081 12 1 1 5 1
1081 16 1 1 15 1
1081 2 1 2 26 2
1081 10 1 4 38 3
1081 8 1 1 38 1
1101 8 1 1 38 1
1101 16 1 1 15 1
1101 12 1 1 5 1
1101 5 1 1 10 1
1101 6 1 4 24 3
1101 3 1 1 14 1
1101 17 1 1 12 1
1101 14 1 1 11 1
1101 22 1 1 11 1
1101 25 1 1 12 1
1101 7 1 1 12 1
1101 1 1 1 16 1
1101 30 1 2 29 2
1101 13 1 1 6 1
1101 15 1 1 21 1
1101 29 1 2 24 2
1101 4 1 2 14 2
1101 24 1 2 15 2
1101 28 1 2 18 2
1101 26 1 12 0 9
1101 9 1 4 7 3
1101 18 1 2 7 2
1101 27 1 4 0 3
1101 11 1 12 2 9
1101 23 1 4 23 3
1101 20 1 7 6 5
1101 19 1 1 0 1
1101 21 1 11 3 8
1101 2 1 2 26 2
1101 10 1 1 38 1
1121 10 1 1 38 1
1121 19 1 12 0 9
1121 15 1 2 21 2
1121 13 1 2 6 2
1121 1 1 1 16 1
1121 7 1 1 12 1
1121 25 1 1 12 1
1121 22 1 1 11 1
1121 14 1 1 11 1
1121 17 1 1 12 1
1121 3 1 1 14 1
1121 5 1 1 10 1
1121 12 1 1 5 1
1121 16 1 1 15 1
1121 8 1 1 38 1
1121 6 1 1 24 1
1121 30 1 1 29 1
1121 29 1 2 24 2
1121 4 1 1 14 1
1121 24 1 1 15 1
1121 28 1 1 18 1
1121 26 1 11 0 8
1121 9 1 12 7 9
1121 18 1 2 7 2
1121 27 1 11 0 8
1121 11 1 8 2 6
1121 23 1 4 23 3
1121 20 1 4 6 3
1121 21 1 4 3 3
1121 2 1 1 26 1
1141 29 1 2 24 2
1141 15 1 2 21 2
1141 1 1 1 16 1
1141 7 1 1 12 1
1141 30 1 2 29 2
1141 4 1 1 14 1
1141 24 1 1 15 1
1141 28 1 2 18 2
1141 2 1 2 26 2
1141 6 1 1 24 1
1141 8 1 1 38 1
1141 16 1 1 15 1
1141 12 1 1 5 1
1141 5 1 1 10 1
1141 10 1 1 38 1
1141 19 1 17 0 12
1141 11 1 14 2 10
1141 23 1 4 23 3
1141 20 1 1 6 1
1141 21 1 5 3 4
1141 27 1 11 0 8
1141 18 1 2 7 2
1141 9 1 10 7 7
1141 26 1 1 0 1
1141 13 1 1 6 1
1141 25 1 1 12 1
1141 22 1 1 11 1
1141 14 1 1 11 1
1141 17 1 1 12 1
1141 3 1 1 14 1
1161 3 1 1 14 1
1161 17 1 1 12 1
1161 14 1 1 11 1
1161 22 1 1 11 1
1161 25 1 1 12 1
1161 13 1 1 6 1
1161 26 1 1 0 1
1161 20 1 4 6 3
1161 10 1 4 38 3
1161 5 1 1 10 1
1161 12 1 1 5 1
1161 16 1 1 15 1
1161 8 1 1 38 1
1161 6 1 1 24 1
1161 24 1 1 15 1
1161 4 1 4 14 3
1161 7 1 1 12 1
1161 1 1 1 16 1
1161 29 1 2 24 2
1161 15 1 1 21 1
1161 30 1 1 29 1
1161 28 1 2 18 2
1161 2 1 2 26 2
1161 19 1 8 0 6
1161 11 1 2 2 2
1161 23 1 1 23 1
1161 21 1 11 3 8
1161 27 1 8 0 6
1161 18 1 1 7 1
1161 9 1 4 7 3
1181 18 1 2 7 2
1181 23 1 4 23 3
1181 30 1 2 29 2
1181 15 1 2 21 2
1181 1 1 1 16 1
1181 7 1 1 12 1
1181 24 1 2 15 2
1181 6 1 4 24 3
1181 8 1 2 38 2
1181 16 1 1 15 1
1181 12 1 1 5 1
1181 5 1 1 10 1
1181 26 1 5 0 4
1181 13 1 1 6 1
1181 25 1 1 12 1
1181 22 1 1 11 1
1181 14 1 1 11 1
1181 17 1 1 12 1
1181 3 1 1 14 1
1181 20 1 4 6 3
1181 10 1 1 38 1
1181 4 1 2 14 2
1181 29 1 2 24 2
1181 28 1 2 18 2
1181 2 1 1 26 1
1181 19 1 5 0 4
1181 11 1 5 2 4
1181 21 1 5 3 4
1181 27 1 2 0 2
1181 9 1 4 7 3
1201 28 1 1 18 1
1201 4 1 2 14 2
1201 24 1 2 15 2
1201 15 1 1 21 1
1201 1 1 1 16 1
1201 7 1 1 12 1
1201 3 1 1 14 1
1201 17 1 1 12 1
1201 14 1 1 11 1
1201 22 1 1 11 1
1201 25 1 1 12 1
1201 13 1 7 6 5
1201 18 1 1 7 1
1201 26 1 12 0 9
1201 27 1 10 0 7
1201 9 1 10 7 7
1201 21 1 5 3 4
1201 11 1 14 2 10
1201 19 1 15 0 11
1201 20 1 2 6 2
1201 8 1 2 38 2
1201 6 1 4 24 3
1201 23 1 5 23 4
1201 16 1 1 15 1
1201 12 1 1 5 1
1201 5 1 1 10 1
1201 10 1 4 38 3
1201 2 1 2 26 2
1201 30 1 1 0 2
1201 29 1 1 0 2
1221 29 1 4 0 3
1221 30 1 1 0 1
1221 5 1 1 10 1
1221 12 1 1 5 1
1221 16 1 1 15 1
1221 18 1 1 7 1
1221 25 1 1 12 1
1221 22 1 1 11 1
1221 14 1 1 11 1
1221 17 1 1 12 1
1221 3 1 1 14 1
1221 7 1 1 12 1
1221 1 1 1 16 1
1221 15 1 2 21 2
1221 28 1 2 18 2
1221 4 1 2 14 2
1221 24 1 2 15 2
1221 13 1 10 6 7
1221 26 1 8 0 6
1221 27 1 5 0 4
1221 9 1 7 7 5
1221 21 1 12 3 9
1221 11 1 12 2 9
1221 19 1 12 0 9
1221 20 1 2 6 2
1221 8 1 1 38 1
1221 6 1 4 24 3
1221 23 1 5 23 4
1221 10 1 2 38 2
1221 2 1 2 26 2
1241 8 1 2 38 2
1241 1 1 1 16 1
1241 7 1 1 12 1
1241 3 1 1 14 1
1241 17 1 1 12 1
1241 14 1 1 11 1
1241 22 1 1 11 1
1241 25 1 1 12 1
1241 18 1 2 7 2
1241 16 1 1 15 1
1241 12 1 1 5 1
1241 5 1 1 10 1
1241 30 1 1 0 1
1241 29 1 1 0 1
1241 15 1 1 21 1
1241 28 1 2 18 2
1241 4 1 1 14 1
1241 24 1 2 15 2
1241 13 1 2 6 2
1241 26 1 2 0 2
1241 27 1 11 0 8
1241 9 1 1 7 1
1241 21 1 2 3 2
1241 11 1 4 2 3
1241 19 1 15 0 11
1241 20 1 2 6 2
1241 6 1 4 24 3
1241 23 1 2 23 2
1241 10 1 2 38 2
1241 2 1 1 26 1
1261 24 1 1 15 1
1261 28 1 1 18 1
1261 1 1 1 16 1
1261 7 1 1 12 1
1261 4 1 4 14 3
1261 2 1 1 26 1
1261 29 1 4 0 3
1261 30 1 2 0 2
1261 5 1 1 10 1
1261 12 1 1 5 1
1261 16 1 1 15 1
1261 8 1 2 38 2
1261 21 1 7 3 5
1261 11 1 14 2 10
1261 19 1 12 0 9
1261 20 1 4 6 3
1261 6 1 4 24 3
1261 23 1 4 23 3
1261 10 1 4 38 3
1261 27 1 7 0 5
1261 26 1 7 0 5
1261 13 1 11 6 8
1261 18 1 1 7 1
1261 3 1 1 14 1
1261 17 1 1 12 1
1261 14 1 1 11 1
1261 22 1 1 11 1
1261 25 1 1 12 1
1261 9 1 2 7 2
1261 15 1 1 0 1
1281 15 1 4 0 3
1281 25 1 1 12 1
1281 22 1 1 11 1
1281 14 1 1 11 1
1281 17 1 1 12 1
1281 3 1 1 14 1
1281 18 1 1 7 1
1281 16 1 1 15 1
1281 12 1 1 5 1
1281 5 1 1 10 1
1281 2 1 2 26 2
1281 7 1 1 12 1
1281 1 1 1 16 1
1281 28 1 1 18 1
1281 24 1 2 15 2
1281 4 1 2 14 2
1281 29 1 2 0 2
1281 30 1 1 0 1
1281 8 1 1 38 1
1281 21 1 10 3 7
1281 11 1 11 2 8
1281 19 1 15 0 11
1281 20 1 4 6 3
1281 6 1 2 24 2
1281 23 1 4 23 3
1281 10 1 4 38 3
1281 27 1 1 0 1
1281 26 1 14 0 10
1281 13 1 12 6 9
1281 9 1 8 7 6
1301 27 1 5 0 4
1301 8 1 2 38 2
1301 30 1 1 0 1
1301 28 1 2 18 2
1301 1 1 1 16 1
1301 7 1 1 12 1
1301 5 1 1 10 1
1301 12 1 1 5 1
1301 16 1 1 15 1
1301 18 1 1 7 1
1301 3 1 1 14 1
1301 17 1 1 12 1
1301 14 1 1 11 1
1301 22 1 1 11 1
1301 25 1 1 12 1
1301 15 1 1 0 1
1301 2 1 1 26 1
1301 24 1 2 15 2
1301 4 1 4 14 3
1301 29 1 1 0 1
1301 21 1 5 3 4
1301 11 1 7 2 5
1301 19 1 5 0 4
1301 20 1 8 6 6
1301 6 1 1 24 1
1301 23 1 2 23 2
1301 10 1 2 38 2
1301 26 1 14 0 10
1301 13 1 1 6 1
1301 9 1 14 7 10
1321 4 1 4 14 3
1321 24 1 2 15 2
1321 1 1 1 16 1
1321 7 1 1 12 1
1321 13 1 14 6 10
1321 15 1 2 0 2
1321 25 1 1 12 1
1321 22 1 1 11 1
1321 14 1 1 11 1
1321 17 1 1 12 1
1321 3 1 1 14 1
1321 18 1 2 7 2
1321 27 1 2 0 2
1321 26 1 14 0 10
1321 9 1 14 7 10
1321 10 1 2 38 2
1321 23 1 2 23 2
1321 20 1 1 6 1
1321 19 1 1 0 1
1321 11 1 1 2 1
1321 21 1 5 3 4
1321 8 1 1 38 1
1321 30 1 2 0 2
1321 5 1 1 10 1
1321 12 1 1 5 1
1321 16 1 1 15 1
1321 2 1 1 26 1
1321 29 1 1 0 1
1321 6 1 1 24 1
1321 28 1 1 0 2
1341 28 1 2 0 2
1341 6 1 4 24 3
1341 29 1 4 0 3
1341 2 1 2 26 2
1341 16 1 1 15 1
1341 12 1 1 5 1
1341 5 1 1 10 1
1341 8 1 2 38 2
1341 11 1 2 2 2
1341 19 1 4 0 3
1341 20 1 7 6 5
1341 3 1 1 14 1
1341 17 1 1 12 1
1341 14 1 1 11 1
1341 22 1 1 11 1
1341 25 1 1 12 1
1341 7 1 1 12 1
1341 1 1 1 16 1
1341 4 1 1 14 1
1341 24 1 2 15 2
1341 13 1 4 6 3
1341 15 1 1 0 1
1341 18 1 1 7 1
1341 27 1 5 0 4
1341 26 1 15 0 11
1341 9 1 1 7 1
1341 10 1 4 38 3
1341 23 1 1 23 1
1341 21 1 11 3 8
1341 30 1 1 0 1
1361 30 1 2 0 2
1361 23 1 4 23 3
1361 9 1 8 7 6
1361 18 1 2 7 2
1361 15 1 1 0 1
1361 4 1 1 14 1
1361 1 1 1 16 1
1361 7 1 1 12 1
1361 25 1 1 12 1
1361 22 1 1 11 1
1361 14 1 1 11 1
1361 17 1 1 12 1
1361 3 1 1 14 1
1361 5 1 1 10 1
1361 12 1 1 5 1
1361 16 1 1 15 1
1361 28 1 2 0 2
1361 6 1 2 24 2
1361 29 1 1 0 1
1361 2 1 1 26 1
1361 8 1 1 38 1
1361 11 1 4 2 3
1361 19 1 7 0 5
1361 20 1 7 6 5
1361 24 1 2 15 2
1361 13 1 2 6 2
1361 27 1 8 0 6
1361 26 1 14 0 10
1361 10 1 4 38 3
1361 21 1 10 3 7
1381 26 1 8 0 6
1381 27 1 1 0 1
1381 13 1 5 6 4
1381 18 1 2 7 2
1381 9 1 7 7 5
1381 15 1 4 0 3
1381 4 1 2 14 2
1381 1 1 1 16 1
1381 22 1 1 11 1
1381 14 1 1 11 1
1381 17 1 1 12 1
1381 3 1 1 14 1
1381 8 1 1 38 1
1381 2 1 2 26 2
1381 29 1 4 0 3
1381 16 1 1 15 1
1381 12 1 1 5 1
1381 5 1 1 10 1
1381 30 1 2 0 2
1381 23 1 2 23 2
1381 28 1 2 0 2
1381 6 1 2 24 2
1381 11 1 8 2 6
1381 19 1 18 0 13
1381 20 1 4 6 3
1381 10 1 1 38 1
1381 21 1 8 3 6
1381 7 1 1 12 1
1381 25 1 1 12 1
1381 24 1 1 0 2
1401 24 1 1 0 1
1401 25 1 1 12 1
1401 7 1 1 12 1
1401 10 1 1 38 1
1401 5 1 1 10 1
1401 12 1 1 5 1
1401 16 1 1 15 1
1401 8 1 2 38 2
1401 3 1 1 14 1
1401 17 1 1 12 1
1401 14 1 1 11 1
1401 22 1 1 11 1
1401 1 1 1 16 1
1401 27 1 10 0 7
1401 26 1 10 0 7
1401 13 1 8 6 6
1401 18 1 2 7 2
1401 9 1 10 7 7
1401 15 1 1 0 1
1401 4 1 1 14 1
1401 2 1 2 26 2
1401 29 1 4 0 3
1401 30 1 1 0 1
1401 23 1 5 23 4
1401 28 1 1 0 1
1401 6 1 2 24 2
1401 11 1 5 2 4
1401 19 1 18 0 13
1401 20 1 2 6 2
1401 21 1 10 3 7
1421 28 1 2 0 2
1421 30 1 2 0 2
1421 4 1 1 14 1
1421 15 1 4 0 3
1421 1 1 1 16 1
1421 22 1 1 11 1
1421 14 1 1 11 1
1421 17 1 1 12 1
1421 3 1 1 14 1
1421 16 1 1 15 1
1421 12 1 1 5 1
1421 5 1 1 10 1
1421 10 1 4 38 3
1421 7 1 1 12 1
1421 25 1 1 12 1
1421 24 1 2 0 2
1421 8 1 1 38 1
1421 27 1 11 0 8
1421 26 1 11 0 8
1421 13 1 11 6 8
1421 18 1 2 7 2
1421 9 1 5 7 4
1421 2 1 2 26 2
1421 29 1 4 0 3
1421 23 1 5 23 4
1421 6 1 2 24 2
1421 11 1 7 2 5
1421 19 1 8 0 6
1421 20 1 8 6 6
1421 21 1 4 3 3
1441 4 1 4 14 3
1441 1 1 1 16 1
1441 16 1 1 15 1
1441 25 1 1 12 1
1441 7 1 1 12 1
1441 24 1 1 0 1
1441 21 1 1 3 1
1441 20 1 2 6 2
1441 19 1 7 0 5
1441 11 1 11 2 8
1441 6 1 4 24 3
1441 23 1 5 23 4
1441 29 1 2 0 2
1441 2 1 1 26 1
1441 9 1 1 7 1
1441 18 1 2 7 2
1441 13 1 1 6 1
1441 26 1 8 0 6
1441 27 1 10 0 7
1441 10 1 2 38 2
1441 15 1 1 0 1
1441 30 1 1 0 1
1441 28 1 1 0 1
1441 22 1 1 11 1
1441 14 1 1 11 1
1441 17 1 1 12 1
1441 3 1 1 14 1
1441 12 1 1 5 1
1441 5 1 1 10 1
1441 8 1 1 38 1
1461 8 1 2 38 2
1461 5 1 1 10 1
1461 12 1 1 5 1
1461 3 1 1 14 1
1461 17 1 1 12 1
1461 14 1 1 11 1
1461 22 1 1 11 1
1461 28 1 2 0 2
1461 30 1 2 0 2
1461 15 1 4 0 3
1461 13 1 2 6 2
1461 9 1 10 7 7
1461 2 1 1 26 1
1461 21 1 8 3 6
1461 24 1 2 0 2
1461 7 1 1 12 1
1461 25 1 1 12 1
1461 16 1 1 15 1
1461 1 1 1 16 1
1461 4 1 1 14 1
1461 20 1 7 6 5
1461 19 1 4 0 3
1461 11 1 11 2 8
1461 6 1 4 24 3
1461 23 1 4 23 3
1461 29 1 2 0 2
1461 18 1 2 7 2
1461 26 1 10 0 7
1461 27 1 5 0 4
1461 10 1 4 38 3
1481 4 1 1 14 1
1481 1 1 1 16 1
1481 16 1 1 15 1
1481 25 1 1 12 1
1481 7 1 1 12 1
1481 2 1 2 26 2
1481 22 1 1 11 1
1481 14 1 1 11 1
1481 17 1 1 12 1
1481 3 1 1 14 1
1481 12 1 1 5 1
1481 5 1 1 10 1
1481 8 1 1 38 1
1481 28 1 2 0 2
1481 30 1 2 0 2
1481 15 1 1 0 1
1481 13 1 10 6 7
1481 9 1 8 7 6
1481 21 1 11 3 8
1481 24 1 1 0 1
1481 20 1 7 6 5
1481 19 1 12 0 9
1481 11 1 7 2 5
1481 6 1 1 24 1
1481 23 1 5 23 4
1481 29 1 1 0 1
1481 18 1 2 7 2
1481 26 1 4 0 3
1481 27 1 11 0 8
1481 10 1 4 38 3
1501 4 1 4 14 3
1501 29 1 1 0 1
1501 6 1 1 24 1
1501 15 1 4 0 3
1501 8 1 2 38 2
1501 5 1 1 10 1
1501 12 1 1 5 1
1501 3 1 1 14 1
1501 17 1 1 12 1
1501 14 1 1 11 1
1501 22 1 1 11 1
1501 2 1 1 26 1
1501 28 1 2 0 2
1501 30 1 2 0 2
1501 13 1 1 6 1
1501 9 1 10 7 7
1501 21 1 14 3 10
1501 20 1 5 6 4
1501 19 1 1 0 1
1501 11 1 4 2 3
1501 23 1 4 23 3
1501 18 1 1 7 1
1501 26 1 14 0 10
1501 27 1 11 0 8
1501 10 1 2 38 2
1501 16 1 1 15 1
1501 25 1 1 12 1
1501 7 1 1 12 1
1501 24 1 2 0 2
1501 1 1 1 0 1
1521 1 1 1 0 1
1521 7 1 1 12 1
1521 25 1 1 12 1
1521 16 1 1 15 1
1521 18 1 2 7 2
1521 19 1 17 0 12
1521 13 1 7 6 5
1521 2 1 2 26 2
1521 22 1 1 11 1
1521 14 1 1 11 1
1521 17 1 1 12 1
1521 3 1 1 14 1
1521 12 1 1 5 1
1521 5 1 1 10 1
1521 6 1 1 24 1
1521 29 1 1 0 1
1521 4 1 2 14 2
1521 15 1 4 0 3
1521 8 1 1 38 1
1521 28 1 2 0 2
1521 30 1 2 0 2
1521 9 1 2 7 2
1521 21 1 10 3 7
1521 20 1 5 6 4
1521 11 1 2 2 2
1521 23 1 4 23 3
1521 26 1 1 0 1
1521 27 1 11 0 8
1521 10 1 4 38 3
1521 24 1 2 0 2
1541 26 1 7 0 5
1541 8 1 2 38 2
1541 29 1 4 0 3
1541 6 1 2 24 2
1541 5 1 1 10 1
1541 12 1 1 5 1
1541 3 1 1 14 1
1541 17 1 1 12 1
1541 14 1 1 11 1
1541 22 1 1 11 1
1541 16 1 1 15 1
1541 25 1 1 12 1
1541 7 1 1 12 1
1541 1 1 1 0 1
1541 18 1 1 7 1
1541 19 1 17 0 12
1541 13 1 5 6 4
1541 2 1 2 26 2
1541 4 1 1 14 1
1541 15 1 1 0 1
1541 28 1 2 0 2
1541 30 1 1 0 1
1541 9 1 1 7 1
1541 21 1 1 3 1
1541 20 1 4 6 3
1541 11 1 4 2 3
1541 23 1 4 23 3
1541 27 1 8 0 6
1541 10 1 2 38 2
1541 24 1 1 0 1
1561 4 1 1 14 1
1561 24 1 2 0 2
1561 1 1 1 0 1
1561 7 1 1 12 1
1561 25 1 1 12 1
1561 16 1 1 15 1
1561 10 1 1 38 1
1561 27 1 11 0 8
1561 23 1 2 23 2
1561 11 1 12 2 9
1561 20 1 8 6 6
1561 28 1 2 0 2
1561 2 1 1 26 1
1561 13 1 1 6 1
1561 19 1 17 0 12
1561 6 1 4 24 3
1561 29 1 2 0 2
1561 8 1 1 38 1
1561 26 1 11 0 8
1561 5 1 1 10 1
1561 12 1 1 5 1
1561 3 1 1 14 1
1561 17 1 1 12 1
1561 14 1 1 11 1
1561 22 1 1 11 1
1561 18 1 1 7 1
1561 15 1 1 0 1
1561 30 1 1 0 1
1561 9 1 8 7 6
1561 21 1 7 3 5
1581 30 1 1 0 1
1581 15 1 1 0 1
1581 18 1 2 7 2
1581 22 1 1 11 1
1581 14 1 1 11 1
1581 17 1 1 12 1
1581 3 1 1 14 1
1581 12 1 1 5 1
1581 5 1 1 10 1
1581 8 1 1 38 1
1581 13 1 8 6 6
1581 2 1 2 26 2
1581 10 1 4 38 3
1581 16 1 1 15 1
1581 25 1 1 12 1
1581 7 1 1 12 1
1581 1 1 1 0 1
1581 4 1 1 14 1
1581 24 1 2 0 2
1581 27 1 7 0 5
1581 23 1 4 23 3
1581 11 1 1 2 1
1581 20 1 2 6 2
1581 28 1 1 0 1
1581 19 1 12 0 9
1581 6 1 2 24 2
1581 29 1 1 0 1
1581 26 1 2 0 2
1581 9 1 12 7 9
1581 21 1 1 3 1
1601 21 1 2 3 2
1601 29 1 4 0 3
1601 28 1 1 0 1
1601 11 1 4 2 3
1601 4 1 1 14 1
1601 1 1 1 0 1
1601 7 1 1 12 1
1601 25 1 1 12 1
1601 16 1 1 15 1
1601 8 1 1 38 1
1601 5 1 1 10 1
1601 12 1 1 5 1
1601 3 1 1 14 1
1601 17 1 1 12 1
1601 14 1 1 11 1
1601 22 1 1 11 1
1601 15 1 2 0 2
1601 30 1 1 0 1
1601 18 1 1 7 1
1601 13 1 11 6 8
1601 2 1 1 26 1
1601 10 1 1 38 1
1601 24 1 2 0 2
1601 27 1 11 0 8
1601 23 1 2 23 2
1601 20 1 4 6 3
1601 19 1 18 0 13
1601 6 1 2 24 2
1601 26 1 10 0 7
1601 9 1 11 7 8
1621 4 1 4 14 3
1621 10 1 4 38 3
1621 2 1 1 26 1
1621 18 1 1 7 1
1621 30 1 1 0 1
1621 22 1 1 11 1
1621 14 1 1 11 1
1621 17 1 1 12 1
1621 3 1 1 14 1
1621 12 1 1 5 1
1621 5 1 1 10 1
1621 8 1 2 38 2
1621 28 1 1 0 1
1621 21 1 10 3 7
1621 29 1 2 0 2
1621 11 1 7 2 5
1621 15 1 1 0 1
1621 13 1 11 6 8
1621 27 1 2 0 2
1621 23 1 5 23 4
1621 20 1 5 6 4
1621 19 1 18 0 13
1621 6 1 1 24 1
1621 26 1 7 0 5
1621 9 1 5 7 4
1621 24 1 2 0 2
1621 1 1 1 0 1
1621 7 1 1 12 1
1621 25 1 1 12 1
1621 16 1 1 15 1
1641 16 1 1 15 1
1641 25 1 1 12 1
1641 7 1 1 12 1
1641 1 1 1 0 1
1641 6 1 4 24 3
1641 15 1 2 0 2
1641 28 1 2 0 2
1641 5 1 1 10 1
1641 12 1 1 5 1
1641 3 1 1 14 1
1641 17 1 1 12 1
1641 14 1 1 11 1
1641 22 1 1 11 1
1641 30 1 2 0 2
1641 18 1 2 7 2
1641 2 1 2 26 2
1641 4 1 1 14 1
1641 10 1 2 38 2
1641 8 1 1 38 1
1641 21 1 2 3 2
1641 29 1 4 0 3
1641 11 1 2 2 2
1641 13 1 12 6 9
1641 27 1 7 0 5
1641 23 1 5 23 4
1641 20 1 5 6 4
1641 19 1 1 0 1
1641 26 1 15 0 11
1641 9 1 1 7 1
1641 24 1 1 0 1
1661 24 1 2 0 2
1661 9 1 4 7 3
1661 19 1 4 0 3
1661 8 1 1 38 1
1661 4 1 4 14 3
1661 22 1 1 11 1
1661 14 1 1 11 1
1661 17 1 1 12 1
1661 3 1 1 14 1
1661 12 1 1 5 1
1661 5 1 1 10 1
1661 1 1 1 0 1
1661 7 1 1 12 1
1661 25 1 1 12 1
1661 16 1 1 15 1
1661 6 1 2 24 2
1661 15 1 2 0 2
1661 28 1 2 0 2
1661 30 1 2 0 2
1661 18 1 2 7 2
1661 2 1 2 26 2
1661 10 1 2 38 2
1661 21 1 10 3 7
1661 29 1 1 0 1
1661 11 1 11 2 8
1661 13 1 11 6 8
1661 27 1 4 0 3
1661 23 1 4 23 3
1661 20 1 1 6 1
1661 26 1 7 0 5
1681 4 1 4 14 3
1681 16 1 1 15 1
1681 25 1 1 12 1
1681 7 1 1 12 1
1681 1 1 1 0 1
1681 24 1 1 0 1
1681 26 1 4 0 3
1681 23 1 5 23 4
1681 27 1 5 0 4
1681 13 1 8 6 6
1681 11 1 4 2 3
1681 21 1 7 3 5
1681 10 1 1 38 1
1681 2 1 1 26 1
1681 18 1 2 7 2
1681 30 1 1 0 1
1681 28 1 1 0 1
1681 15 1 2 0 2
1681 6 1 1 24 1
1681 19 1 17 0 12
1681 9 1 14 7 10
1681 8 1 1 38 1
1681 22 1 1 11 1
1681 14 1 1 11 1
1681 17 1 1 12 1
1681 3 1 1 14 1
1681 12 1 1 5 1
1681 5 1 1 10 1
1681 29 1 1 0 1
1681 20 1 8 6 6
1701 29 1 1 0 1
1701 5 1 1 10 1
1701 12 1 1 5 1
1701 3 1 1 14 1
1701 17 1 1 12 1
1701 14 1 1 11 1
1701 22 1 1 11 1
1701 8 1 2 38 2
1701 6 1 4 24 3
1701 28 1 1 0 1
1701 30 1 2 0 2
1701 2 1 1 26 1
1701 10 1 1 38 1
1701 24 1 1 0 1
1701 1 1 1 0 1
1701 7 1 1 12 1
1701 25 1 1 12 1
1701 16 1 1 15 1
1701 4 1 4 14 3
1701 26 1 2 0 2
1701 23 1 2 23 2
1701 27 1 11 0 8
1701 13 1 7 6 5
1701 11 1 12 2 9
1701 21 1 2 3 2
1701 18 1 1 7 1
1701 15 1 1 0 1
1701 19 1 4 0 3
1701 9 1 12 7 9
1701 20 1 4 6 3
1721 15 1 1 0 1
1721 18 1 1 7 1
1721 16 1 1 15 1
1721 25 1 1 12 1
1721 7 1 1 12 1
1721 1 1 1 0 1
1721 24 1 1 0 1
1721 10 1 4 38 3
1721 2 1 1 26 1
1721 28 1 1 0 1
1721 22 1 1 11 1
1721 14 1 1 11 1
1721 17 1 1 12 1
1721 3 1 1 14 1
1721 12 1 1 5 1
1721 5 1 1 10 1
1721 29 1 4 0 3
1721 8 1 1 38 1
1721 6 1 2 24 2
1721 30 1 1 0 1
1721 4 1 2 14 2
1721 26 1 10 0 7
1721 23 1 2 23 2
1721 27 1 1 0 1
1721 13 1 14 6 10
1721 11 1 4 2 3
1721 21 1 14 3 10
1721 19 1 5 0 4
1721 9 1 7 7 5
1721 20 1 8 6 6
1741 4 1 4 14 3
1741 27 1 7 0 5
1741 30 1 2 0 2
1741 8 1 2 38 2
1741 5 1 1 10 1
1741 12 1 1 5 1
1741 3 1 1 14 1
1741 17 1 1 12 1
1741 14 1 1 11 1
1741 22 1 1 11 1
1741 28 1 1 0 1
1741 2 1 1 26 1
1741 18 1 1 7 1
1741 15 1 1 0 1
1741 10 1 2 38 2
1741 29 1 4 0 3
1741 6 1 4 24 3
1741 26 1 5 0 4
1741 23 1 4 23 3
1741 13 1 8 6 6
1741 11 1 11 2 8
1741 21 1 7 3 5
1741 19 1 14 0 10
1741 9 1 12 7 9
1741 20 1 7 6 5
1741 16 1 1 15 1
1741 25 1 1 12 1
1741 7 1 1 12 1
1741 1 1 1 0 1
1741 24 1 1 0 1
1761 24 1 1 0 1
1761 1 1 1 0 1
1761 7 1 1 12 1
1761 25 1 1 12 1
1761 16 1 1 15 1
1761 15 1 2 0 2
1761 18 1 2 7 2
1761 2 1 1 26 1
1761 28 1 2 0 2
1761 22 1 1 11 1
1761 14 1 1 11 1
1761 17 1 1 12 1
1761 3 1 1 14 1
1761 12 1 1 5 1
1761 5 1 1 10 1
1761 4 1 1 14 1
1761 27 1 4 0 3
1761 30 1 1 0 1
1761 8 1 1 38 1
1761 10 1 2 38 2
1761 29 1 4 0 3
1761 6 1 2 24 2
1761 26 1 11 0 8
1761 23 1 5 23 4
1761 13 1 4 6 3
1761 11 1 12 2 9
1761 21 1 11 3 8
1761 19 1 1 0 1
1761 9 1 7 7 5
1761 20 1 2 6 2
1781 19 1 8 0 6
1781 8 1 2 38 2
1781 30 1 1 0 1
1781 4 1 2 14 2
1781 5 1 1 10 1
1781 12 1 1 5 1
1781 3 1 1 14 1
1781 17 1 1 12 1
1781 14 1 1 11 1
1781 22 1 1 11 1
1781 2 1 1 26 1
1781 16 1 1 15 1
1781 25 1 1 12 1
1781 7 1 1 12 1
1781 1 1 1 0 1
1781 24 1 2 0 2
1781 15 1 2 0 2
1781 18 1 1 7 1
1781 28 1 1 0 1
1781 27 1 2 0 2
1781 10 1 1 38 1
1781 29 1 1 0 1
1781 6 1 4 24 3
1781 26 1 1 0 1
1781 23 1 1 23 1
1781 13 1 5 6 4
1781 11 1 14 2 10
1781 21 1 1 3 1
1781 9 1 14 7 10
1781 20 1 7 6 5
1801 4 1 1 14 1
1801 1 1 1 0 1
1801 7 1 1 12 1
1801 25 1 1 12 1
1801 16 1 1 15 1
1801 24 1 1 0 1
1801 20 1 8 6 6
1801 9 1 10 7 7
1801 11 1 15 2 11
1801 13 1 4 6 3
1801 6 1 1 24 1
1801 27 1 10 0 7
1801 15 1 4 0 3
1801 8 1 1 38 1
1801 19 1 17 0 12
1801 30 1 1 0 1
1801 5 1 1 10 1
1801 12 1 1 5 1
1801 3 1 1 14 1
1801 17 1 1 12 1
1801 14 1 1 11 1
1801 22 1 1 11 1
1801 2 1 1 26 1
1801 18 1 1 7 1
1801 28 1 2 0 2
1801 10 1 2 38 2
1801 29 1 2 0 2
1801 26 1 4 0 3
1801 23 1 5 23 4
1801 21 1 5 3 4
1821 18 1 1 7 1
1821 2 1 2 26 2
1821 22 1 1 11 1
1821 14 1 1 11 1
1821 17 1 1 12 1
1821 3 1 1 14 1
1821 12 1 1 5 1
1821 5 1 1 10 1
1821 30 1 2 0 2
1821 8 1 2 38 2
1821 6 1 4 24 3
1821 24 1 2 0 2
1821 16 1 1 15 1
1821 25 1 1 12 1
1821 7 1 1 12 1
1821 1 1 1 0 1
1821 4 1 2 14 2
1821 20 1 4 6 3
1821 9 1 11 7 8
1821 11 1 10 2 7
1821 13 1 1 6 1
1821 27 1 4 0 3
1821 15 1 1 0 1
1821 19 1 10 0 7
1821 28 1 1 0 1
1821 10 1 4 38 3
1821 29 1 1 0 1
1821 26 1 2 0 2
1821 23 1 4 23 3
1821 21 1 8 3 6
1841 29 1 2 0 2
1841 28 1 1 0 1
1841 15 1 4 0 3
1841 13 1 4 6 3
1841 1 1 1 0 1
1841 7 1 1 12 1
1841 25 1 1 12 1
1841 16 1 1 15 1
1841 5 1 1 10 1
1841 12 1 1 5 1
1841 3 1 1 14 1
1841 17 1 1 12 1
1841 14 1 1 11 1
1841 22 1 1 11 1
1841 18 1 2 7 2
1841 2 1 2 26 2
1841 30 1 1 0 1
1841 8 1 1 38 1
1841 6 1 2 24 2
1841 24 1 1 0 1
1841 4 1 1 14 1
1841 20 1 2 6 2
1841 9 1 5 7 4
1841 11 1 2 2 2
1841 27 1 7 0 5
1841 19 1 7 0 5
1841 10 1 2 38 2
1841 26 1 12 0 9
1841 23 1 2 23 2
1841 21 1 10 3 7
1861 8 1 2 38 2
1861 30 1 2 0 2
1861 22 1 1 11 1
1861 14 1 1 11 1
1861 17 1 1 12 1
1861 3 1 1 14 1
1861 12 1 1 5 1
1861 5 1 1 10 1
1861 28 1 2 0 2
1861 29 1 2 0 2
1861 15 1 4 0 3
1861 13 1 4 6 3
1861 18 1 1 7 1
1861 2 1 2 26 2
1861 6 1 4 24 3
1861 20 1 1 6 1
1861 9 1 12 7 9
1861 11 1 15 2 11
1861 27 1 2 0 2
1861 19 1 12 0 9
1861 10 1 4 38 3
1861 26 1 4 0 3
1861 23 1 1 23 1
1861 21 1 7 3 5
1861 1 1 1 0 1
1861 7 1 1 12 1
1861 25 1 1 12 1
1861 16 1 1 15 1
1861 24 1 1 0 1
1861 4 1 1 0 1
1881 4 1 2 0 2
1881 24 1 1 0 1
1881 16 1 1 15 1
1881 25 1 1 12 1
1881 7 1 1 12 1
1881 1 1 1 0 1
1881 23 1 2 23 2
1881 20 1 2 6 2
1881 18 1 1 7 1
1881 5 1 1 10 1
1881 12 1 1 5 1
1881 3 1 1 14 1
1881 17 1 1 12 1
1881 14 1 1 11 1
1881 22 1 1 11 1
1881 8 1 1 38 1
1881 30 1 2 0 2
1881 28 1 1 0 1
1881 29 1 4 0 3
1881 15 1 4 0 3
1881 13 1 8 6 6
1881 2 1 1 26 1
1881 6 1 1 24 1
1881 9 1 1 7 1
1881 11 1 12 2 9
1881 27 1 7 0 5
1881 19 1 10 0 7
1881 10 1 2 38 2
1881 26 1 12 0 9
1881 21 1 11 3 8
1901 9 1 5 7 4
1901 6 1 4 24 3
1901 2 1 1 26 1
1901 28 1 2 0 2
1901 8 1 2 38 2
1901 22 1 1 11 1
1901 14 1 1 11 1
1901 17 1 1 12 1
1901 3 1 1 14 1
1901 12 1 1 5 1
1901 5 1 1 10 1
1901 18 1 2 7 2
1901 1 1 1 0 1
1901 7 1 1 12 1
1901 25 1 1 12 1
1901 16 1 1 15 1
1901 24 1 2 0 2
1901 4 1 2 0 2
1901 23 1 4 23 3
1901 20 1 2 6 2
1901 30 1 2 0 2
1901 29 1 4 0 3
1901 15 1 1 0 1
1901 13 1 12 6 9
1901 11 1 14 2 10
1901 27 1 7 0 5
1901 19 1 10 0 7
1901 10 1 4 38 3
1901 26 1 12 0 9
1901 21 1 1 3 1
1921 16 1 1 15 1
1921 25 1 1 12 1
1921 7 1 1 12 1
1921 1 1 1 0 1
1921 24 1 2 0 2
1921 4 1 4 0 3
1921 26 1 8 0 6
1921 10 1 4 38 3
1921 19 1 7 0 5
1921 27 1 2 0 2
1921 11 1 5 2 4
1921 13 1 4 6 3
1921 29 1 1 0 1
1921 30 1 2 0 2
1921 20 1 7 6 5
1921 23 1 1 23 1
1921 18 1 2 7 2
1921 8 1 1 38 1
1921 28 1 2 0 2
1921 6 1 1 24 1
1921 9 1 14 7 10
1921 2 1 2 26 2
1921 22 1 1 11 1
1921 14 1 1 11 1
1921 17 1 1 12 1
1921 3 1 1 14 1
1921 12 1 1 5 1
1921 5 1 1 10 1
1921 15 1 4 0 3
1921 21 1 7 3 5
1941 5 1 1 10 1
1941 12 1 1 5 1
1941 3 1 1 14 1
1941 17 1 1 12 1
1941 14 1 1 11 1
1941 22 1 1 11 1
1941 6 1 1 24 1
1941 8 1 1 38 1
1941 23 1 1 23 1
1941 29 1 2 0 2
1941 1 1 1 0 1
1941 7 1 1 12 1
1941 25 1 1 12 1
1941 16 1 1 15 1
1941 24 1 1 0 1
1941 4 1 2 0 2
1941 26 1 1 0 1
1941 10 1 1 38 1
1941 19 1 2 0 2
1941 27 1 7 0 5
1941 11 1 15 2 11
1941 13 1 12 6 9
1941 30 1 2 0 2
1941 20 1 8 6 6
1941 18 1 1 7 1
1941 28 1 1 0 1
1941 9 1 15 7 11
1941 2 1 2 26 2
1941 15 1 4 0 3
1941 21 1 5 3 4
1961 28 1 2 0 2
1961 18 1 1 7 1
1961 10 1 4 38 3
1961 26 1 15 0 11
1961 24 1 1 0 1
1961 16 1 1 15 1
1961 25 1 1 12 1
1961 7 1 1 12 1
1961 1 1 1 0 1
1961 23 1 4 23 3
1961 8 1 1 38 1
1961 6 1 4 24 3
1961 22 1 1 11 1
1961 14 1 1 11 1
1961 17 1 1 12 1
1961 3 1 1 14 1
1961 12 1 1 5 1
1961 5 1 1 10 1
1961 29 1 1 0 1
1961 4 1 1 0 1
1961 19 1 7 0 5
1961 27 1 4 0 3
1961 11 1 4 2 3
1961 13 1 14 6 10
1961 30 1 1 0 1
1961 20 1 5 6 4
1961 9 1 1 7 1
1961 2 1 2 26 2
1961 15 1 1 0 1
1961 21 1 1 3 1
1981 21 1 5 3 4
1981 15 1 1 0 1
1981 9 1 11 7 8
1981 30 1 1 0 1
1981 29 1 1 0 1
1981 5 1 1 10 1
1981 12 1 1 5 1
1981 3 1 1 14 1
1981 17 1 1 12 1
1981 14 1 1 11 1
1981 22 1 1 11 1
1981 8 1 1 38 1
1981 18 1 2 7 2
1981 28 1 2 0 2
1981 10 1 1 38 1
1981 26 1 7 0 5
1981 23 1 5 23 4
1981 6 1 2 24 2
1981 19 1 8 0 6
1981 27 1 8 0 6
1981 11 1 15 2 11
1981 13 1 10 6 7
1981 20 1 8 6 6
1981 2 1 1 26 1
1981 24 1 1 0 1
1981 16 1 1 15 1
1981 25 1 1 12 1
1981 7 1 1 12 1
1981 1 1 1 0 1
1981 4 1 4 0 3
2001 1 1 1 0 1
2001 7 1 1 12 1
2001 25 1 1 12 1
2001 16 1 1 15 1
2001 24 1 2 0 2
2001 2 1 1 26 1
2001 10 1 2 38 2
2001 8 1 2 38 2
2001 22 1 1 11 1
2001 14 1 1 11 1
2001 17 1 1 12 1
2001 3 1 1 14 1
2001 12 1 1 5 1
2001 5 1 1 10 1
2001 29 1 2 0 2
2001 30 1 2 0 2
2001 15 1 2 0 2
2001 21 1 11 3 8
2001 9 1 14 7 10
2001 18 1 1 7 1
2001 28 1 2 0 2
2001 26 1 7 0 5
2001 23 1 5 23 4
2001 6 1 1 24 1
2001 19 1 1 0 1
2001 27 1 1 0 1
2001 11 1 7 2 5
2001 13 1 8 6 6
2001 20 1 2 6 2
2001 4 1 1 0 1
2021 4 1 2 0 2
2021 27 1 5 0 4
2021 19 1 10 0 7
2021 6 1 1 24 1
2021 18 1 1 7 1
2021 5 1 1 10 1
2021 12 1 1 5 1
2021 3 1 1 14 1
2021 17 1 1 12 1
2021 14 1 1 11 1
2021 22 1 1 11 1
2021 2 1 1 26 1
2021 16 1 1 15 1
2021 25 1 1 12 1
2021 7 1 1 12 1
2021 1 1 1 0 1
2021 24 1 1 0 1
2021 10 1 2 38 2
2021 8 1 1 38 1
2021 29 1 2 0 2
2021 30 1 2 0 2
2021 15 1 2 0 2
2021 21 1 4 3 3
2021 9 1 2 7 2
2021 28 1 2 0 2
2021 26 1 1 0 1
2021 23 1 5 23 4
2021 11 1 10 2 7
2021 13 1 12 6 9
2021 20 1 2 6 2
2041 24 1 1 0 1
2041 1 1 1 0 1
2041 7 1 1 12 1
2041 25 1 1 12 1
2041 16 1 1 15 1
2041 4 1 4 0 3
2041 20 1 4 6 3
2041 13 1 1 6 1
2041 11 1 5 2 4
2041 23 1 4 23 3
2041 28 1 1 0 1
2041 9 1 7 7 5
2041 21 1 11 3 8
2041 15 1 4 0 3
2041 30 1 1 0 1
2041 29 1 1 0 1
2041 10 1 4 38 3
2041 19 1 18 0 13
2041 27 1 7 0 5
2041 6 1 1 24 1
2041 18 1 2 7 2
2041 5 1 1 10 1
2041 12 1 1 5 1
2041 3 1 1 14 1
2041 17 1 1 12 1
2041 14 1 1 11 1
2041 22 1 1 11 1
2041 2 1 1 26 1
2041 8 1 2 38 2
2041 26 1 5 0 4
2061 2 1 1 26 1
2061 22 1 1 11 1
2061 14 1 1 11 1
2061 17 1 1 12 1
2061 3 1 1 14 1
2061 12 1 1 5 1
2061 5 1 1 10 1
2061 6 1 1 24 1
2061 29 1 4 0 3
2061 30 1 1 0 1
2061 28 1 2 0 2
2061 13 1 14 6 10
2061 16 1 1 15 1
2061 25 1 1 12 1
2061 7 1 1 12 1
2061 1 1 1 0 1
2061 24 1 1 0 1
2061 4 1 1 0 1
2061 20 1 2 6 2
2061 11 1 12 2 9
2061 23 1 4 23 3
2061 9 1 10 7 7
2061 21 1 5 3 4
2061 15 1 1 0 1
2061 10 1 4 38 3
2061 19 1 5 0 4
2061 27 1 10 0 7
2061 18 1 1 7 1
2061 8 1 2 38 2
2061 26 1 2 0 2
2081 18 1 1 7 1
2081 15 1 1 0 1
2081 4 1 2 0 2
2081 24 1 2 0 2
2081 1 1 1 0 1
2081 7 1 1 12 1
2081 25 1 1 12 1
2081 16 1 1 15 1
2081 30 1 1 0 1
2081 6 1 1 24 1
2081 5 1 1 10 1
2081 12 1 1 5 1
2081 3 1 1 14 1
2081 17 1 1 12 1
2081 14 1 1 11 1
2081 22 1 1 11 1
2081 2 1 1 26 1
2081 29 1 1 0 1
2081 28 1 2 0 2
2081 13 1 14 6 10
2081 20 1 4 6 3
2081 11 1 12 2 9
2081 23 1 5 23 4
2081 9 1 15 7 11
2081 21 1 14 3 10
2081 10 1 2 38 2
2081 19 1 10 0 7
2081 27 1 4 0 3
2081 8 1 2 38 2
2081 26 1 10 0 7
2101 29 1 1 0 1
2101 2 1 2 26 2
2101 22 1 1 11 1
2101 14 1 1 11 1
2101 17 1 1 12 1
2101 3 1 1 14 1
2101 12 1 1 5 1
2101 5 1 1 10 1
2101 6 1 2 24 2
2101 30 1 2 0 2
2101 15 1 4 0 3
2101 18 1 1 7 1
2101 28 1 1 0 1
2101 13 1 14 6 10
2101 20 1 4 6 3
2101 11 1 10 2 7
2101 23 1 5 23 4
2101 9 1 11 7 8
2101 21 1 14 3 10
2101 10 1 4 38 3
2101 19 1 14 0 10
2101 27 1 5 0 4
2101 8 1 2 38 2
2101 26 1 14 0 10
2101 24 1 2 0 2
2101 4 1 4 0 3
2101 1 1 1 0 1
2101 7 1 1 12 1
2101 25 1 1 12 1
2101 16 1 1 15 1
2121 16 1 1 15 1
2121 25 1 1 12 1
2121 7 1 1 12 1
2121 1 1 1 0 1
2121 28 1 2 0 2
2121 18 1 1 7 1
2121 5 1 1 10 1
2121 12 1 1 5 1
2121 3 1 1 14 1
2121 17 1 1 12 1
2121 14 1 1 11 1
2121 22 1 1 11 1
2121 29 1 4 0 3
2121 2 1 2 26 2
2121 6 1 1 24 1
2121 30 1 1 0 1
2121 15 1 2 0 2
2121 13 1 4 6 3
2121 20 1 8 6 6
2121 11 1 5 2 4
2121 23 1 4 23 3
2121 9 1 2 7 2
2121 21 1 7 3 5
2121 10 1 4 38 3
2121 19 1 17 0 12
2121 27 1 1 0 1
2121 8 1 1 38 1
2121 26 1 4 0 3
2121 24 1 2 0 2
2121 4 1 2 0 2
2141 8 1 1 38 1
2141 27 1 1 0 1
2141 30 1 1 0 1
2141 6 1 4 24 3
2141 22 1 1 11 1
2141 14 1 1 11 1
2141 17 1 1 12 1
2141 3 1 1 14 1
2141 12 1 1 5 1
2141 5 1 1 10 1
2141 18 1 1 7 1
2141 1 1 1 0 1
2141 7 1 1 12 1
2141 25 1 1 12 1
2141 16 1 1 15 1
2141 28 1 1 0 1
2141 29 1 2 0 2
2141 2 1 2 26 2
2141 15 1 2 0 2
2141 13 1 8 6 6
2141 20 1 7 6 5
2141 11 1 4 2 3
2141 23 1 5 23 4
2141 9 1 15 7 11
2141 21 1 8 3 6
2141 10 1 2 38 2
2141 19 1 1 0 1
2141 26 1 7 0 5
2141 24 1 1 0 1
2141 4 1 2 0 2
2161 24 1 2 0 2
2161 16 1 1 15 1
2161 25 1 1 12 1
2161 7 1 1 12 1
2161 1 1 1 0 1
2161 4 1 2 0 2
2161 26 1 14 0 10
2161 10 1 2 38 2
2161 21 1 1 3 1
2161 9 1 10 7 7
2161 23 1 5 23 4
2161 11 1 11 2 8
2161 20 1 8 6 6
2161 13 1 10 6 7
2161 15 1 2 0 2
2161 2 1 2 26 2
2161 29 1 4 0 3
2161 6 1 4 24 3
2161 8 1 2 38 2
2161 27 1 7 0 5
2161 30 1 1 0 1
2161 22 1 1 11 1
2161 14 1 1 11 1
2161 17 1 1 12 1
2161 3 1 1 14 1
2161 12 1 1 5 1
2161 5 1 1 10 1
2161 18 1 2 7 2
2161 28 1 2 0 2
2161 19 1 18 0 13
2181 5 1 1 10 1
2181 12 1 1 5 1
2181 3 1 1 14 1
2181 17 1 1 12 1
2181 14 1 1 11 1
2181 22 1 1 11 1
2181 30 1 2 0 2
2181 21 1 11 3 8
2181 1 1 1 0 1
2181 7 1 1 12 1
2181 25 1 1 12 1
2181 16 1 1 15 1
2181 24 1 2 0 2
2181 4 1 4 0 3
2181 26 1 8 0 6
2181 10 1 4 38 3
2181 9 1 5 7 4
2181 23 1 4 23 3
2181 11 1 10 2 7
2181 20 1 4 6 3
2181 13 1 1 6 1
2181 15 1 1 0 1
2181 2 1 2 26 2
2181 29 1 2 0 2
2181 6 1 1 24 1
2181 8 1 1 38 1
2181 27 1 5 0 4
2181 18 1 2 7 2
2181 28 1 1 0 1
2181 19 1 2 0 2
2201 28 1 1 0 1
2201 8 1 2 38 2
2201 6 1 4 24 3
2201 15 1 4 0 3
2201 13 1 4 6 3
2201 16 1 1 15 1
2201 25 1 1 12 1
2201 7 1 1 12 1
2201 1 1 1 0 1
2201 22 1 1 11 1
2201 14 1 1 11 1
2201 17 1 1 12 1
2201 3 1 1 14 1
2201 12 1 1 5 1
2201 5 1 1 10 1
2201 30 1 2 0 2
2201 21 1 2 3 2
2201 24 1 2 0 2
2201 4 1 4 0 3
2201 26 1 2 0 2
2201 10 1 1 38 1
2201 9 1 14 7 10
2201 23 1 1 23 1
2201 11 1 14 2 10
2201 20 1 5 6 4
2201 2 1 2 26 2
2201 29 1 2 0 2
2201 27 1 11 0 8
2201 18 1 2 7 2
2201 19 1 11 0 8
2221 23 1 1 23 1
2221 10 1 2 38 2
2221 5 1 1 10 1
2221 12 1 1 5 1
2221 3 1 1 14 1
2221 17 1 1 12 1
2221 14 1 1 11 1
2221 22 1 1 11 1
2221 28 1 1 0 1
2221 8 1 2 38 2
2221 6 1 4 24 3
2221 15 1 1 0 1
2221 13 1 4 6 3
2221 30 1 1 0 1
2221 21 1 1 3 1
2221 26 1 2 0 2
2221 9 1 10 7 7
2221 11 1 14 2 10
2221 20 1 7 6 5
2221 2 1 1 26 1
2221 29 1 4 0 3
2221 27 1 8 0 6
2221 18 1 2 7 2
2221 19 1 5 0 4
2221 4 1 4 0 3
2221 24 1 1 0 1
2221 16 1 1 15 1
2221 25 1 1 12 1
2221 7 1 1 12 1
2221 1 1 1 0 1
2241 1 1 1 0 1
2241 7 1 1 12 1
2241 25 1 1 12 1
2241 16 1 1 15 1
2241 24 1 1 0 1
2241 2 1 1 26 1
2241 21 1 11 3 8
2241 30 1 1 0 1
2241 15 1 4 0 3
2241 28 1 1 0 1
2241 22 1 1 11 1
2241 14 1 1 11 1
2241 17 1 1 12 1
2241 3 1 1 14 1
2241 12 1 1 5 1
2241 5 1 1 10 1
2241 23 1 1 23 1
2241 10 1 1 38 1
2241 8 1 1 38 1
2241 6 1 1 24 1
2241 13 1 11 6 8
2241 26 1 5 0 4
2241 9 1 8 7 6
2241 11 1 1 2 1
2241 20 1 7 6 5
2241 29 1 4 0 3
2241 27 1 1 0 1
2241 18 1 1 7 1
2241 19 1 4 0 3
2241 4 1 4 0 3
2261 18 1 1 7 1
2261 27 1 11 0 8
2261 11 1 7 2 5
2261 6 1 4 24 3
2261 8 1 1 38 1
2261 10 1 2 38 2
2261 23 1 4 23 3
2261 5 1 1 10 1
2261 12 1 1 5 1
2261 3 1 1 14 1
2261 17 1 1 12 1
2261 14 1 1 11 1
2261 22 1 1 11 1
2261 28 1 2 0 2
2261 30 1 1 0 1
2261 2 1 1 26 1
2261 24 1 1 0 1
2261 16 1 1 15 1
2261 25 1 1 12 1
2261 7 1 1 12 1
2261 1 1 1 0 1
2261 21 1 8 3 6
2261 15 1 2 0 2
2261 13 1 11 6 8
2261 26 1 4 0 3
2261 9 1 10 7 7
2261 20 1 8 6 6
2261 29 1 1 0 1
2261 19 1 5 0 4
2261 4 1 1 0 1
2281 4 1 2 0 2
2281 1 1 1 0 1
2281 7 1 1 12 1
2281 25 1 1 12 1
2281 16 1 1 15 1
2281 24 1 2 0 2
2281 19 1 15 0 11
2281 20 1 5 6 4
2281 9 1 2 7 2
2281 26 1 4 0 3
2281 13 1 1 6 1
2281 15 1 1 0 1
2281 21 1 1 3 1
2281 28 1 2 0 2
2281 23 1 5 23 4
2281 10 1 1 38 1
2281 6 1 2 24 2
2281 11 1 10 2 7
2281 27 1 5 0 4
2281 18 1 1 7 1
2281 8 1 1 38 1
2281 5 1 1 10 1
2281 12 1 1 5 1
2281 3 1 1 14 1
2281 17 1 1 12 1
2281 14 1 1 11 1
2281 22 1 1 11 1
2281 30 1 1 0 1
2281 2 1 2 26 2
2281 29 1 1 0 1
2301 29 1 4 0 3
2301 30 1 1 0 1
2301 22 1 1 11 1
2301 14 1 1 11 1
2301 17 1 1 12 1
2301 3 1 1 14 1
2301 12 1 1 5 1
2301 5 1 1 10 1
2301 8 1 2 38 2
2301 18 1 2 7 2
2301 10 1 4 38 3
2301 21 1 5 3 4
2301 15 1 2 0 2
2301 13 1 7 6 5
2301 16 1 1 15 1
2301 25 1 1 12 1
2301 7 1 1 12 1
2301 1 1 1 0 1
2301 4 1 4 0 3
2301 24 1 2 0 2
2301 19 1 7 0 5
2301 20 1 4 6 3
2301 9 1 1 7 1
2301 26 1 10 0 7
2301 28 1 1 0 1
2301 23 1 2 23 2
2301 6 1 4 24 3
2301 11 1 10 2 7
2301 27 1 1 0 1
2301 2 1 1 26 1
2321 2 1 2 26 2
2321 27 1 8 0 6
2321 28 1 1 0 1
2321 9 1 14 7 10
2321 1 1 1 0 1
2321 7 1 1 12 1
2321 25 1 1 12 1
2321 16 1 1 15 1
2321 5 1 1 10 1
2321 12 1 1 5 1
2321 3 1 1 14 1
2321 17 1 1 12 1
2321 14 1 1 11 1
2321 22 1 1 11 1
2321 30 1 1 0 1
2321 29 1 4 0 3
2321 8 1 2 38 2
2321 18 1 2 7 2
2321 10 1 4 38 3
2321 21 1 4 3 3
2321 15 1 4 0 3
2321 13 1 2 6 2
2321 4 1 2 0 2
2321 24 1 2 0 2
2321 19 1 4 0 3
2321 20 1 5 6 4
2321 26 1 15 0 11
2321 23 1 2 23 2
2321 6 1 2 24 2
2321 11 1 11 2 8
2341 30 1 2 0 2
2341 22 1 1 11 1
2341 14 1 1 11 1
2341 17 1 1 12 1
2341 3 1 1 14 1
2341 12 1 1 5 1
2341 5 1 1 10 1
2341 28 1 1 0 1
2341 2 1 2 26 2
2341 27 1 1 0 1
2341 9 1 8 7 6
2341 29 1 4 0 3
2341 8 1 2 38 2
2341 18 1 1 7 1
2341 10 1 4 38 3
2341 21 1 14 3 10
2341 15 1 1 0 1
2341 13 1 12 6 9
2341 19 1 18 0 13
2341 20 1 1 6 1
2341 26 1 4 0 3
2341 23 1 4 23 3
2341 6 1 4 24 3
2341 11 1 8 2 6
2341 24 1 2 0 2
2341 4 1 4 0 3
2341 1 1 1 0 1
2341 7 1 1 12 1
2341 25 1 1 12 1
2341 16 1 1 15 1
2361 16 1 1 15 1
2361 25 1 1 12 1
2361 7 1 1 12 1
2361 1 1 1 0 1
2361 20 1 7 6 5
2361 15 1 4 0 3
2361 18 1 2 7 2
2361 27 1 2 0 2
2361 28 1 1 0 1
2361 5 1 1 10 1
2361 12 1 1 5 1
2361 3 1 1 14 1
2361 17 1 1 12 1
2361 14 1 1 11 1
2361 22 1 1 11 1
2361 30 1 2 0 2
2361 2 1 1 26 1
2361 9 1 5 7 4
2361 29 1 1 0 1
2361 8 1 1 38 1
2361 10 1 1 38 1
2361 21 1 5 3 4
2361 13 1 2 6 2
2361 19 1 8 0 6
2361 26 1 8 0 6
2361 23 1 2 23 2
2361 6 1 1 24 1
2361 11 1 11 2 8
2361 24 1 1 0 1
2361 4 1 4 0 3
2381 24 1 2 0 2
2381 6 1 2 24 2
2381 10 1 1 38 1
2381 8 1 1 38 1
2381 29 1 4 0 3
2381 2 1 2 26 2
2381 22 1 1 11 1
2381 14 1 1 11 1
2381 17 1 1 12 1
2381 3 1 1 14 1
2381 12 1 1 5 1
2381 5 1 1 10 1
2381 28 1 2 0 2
2381 1 1 1 0 1
2381 7 1 1 12 1
2381 25 1 1 12 1
2381 16 1 1 15 1
2381 20 1 8 6 6
2381 15 1 4 0 3
2381 18 1 2 7 2
2381 27 1 8 0 6
2381 30 1 2 0 2
2381 9 1 8 7 6
2381 21 1 1 3 1
2381 13 1 2 6 2
2381 19 1 11 0 8
2381 26 1 5 0 4
2381 23 1 5 23 4
2381 11 1 8 2 6
2381 4 1 1 0 1
2401 4 1 1 0 1
2401 16 1 1 15 1
2401 25 1 1 12 1
2401 7 1 1 12 1
2401 1 1 1 0 1
2401 24 1 1 0 1
2401 11 1 1 2 1
2401 23 1 2 23 2
2401 26 1 2 0 2
2401 19 1 8 0 6
2401 13 1 4 6 3
2401 9 1 7 7 5
2401 30 1 1 0 1
2401 27 1 8 0 6
2401 18 1 2 7 2
2401 15 1 1 0 1
2401 20 1 1 6 1
2401 28 1 1 0 1
2401 2 1 1 26 1
2401 29 1 1 0 1
2401 6 1 1 24 1
2401 10 1 4 38 3
2401 8 1 2 38 2
2401 22 1 1 11 1
2401 14 1 1 11 1
2401 17 1 1 12 1
2401 3 1 1 14 1
2401 12 1 1 5 1
2401 5 1 1 10 1
2401 21 1 7 3 5
2421 5 1 1 10 1
2421 12 1 1 5 1
2421 3 1 1 14 1
2421 17 1 1 12 1
2421 14 1 1 11 1
2421 22 1 1 11 1
2421 6 1 1 24 1
2421 29 1 4 0 3
2421 2 1 1 26 1
2421 28 1 1 0 1
2421 20 1 4 6 3
2421 15 1 2 0 2
2421 30 1 1 0 1
2421 11 1 15 2 11
2421 24 1 2 0 2
2421 1 1 1 0 1
2421 7 1 1 12 1
2421 25 1 1 12 1
2421 16 1 1 15 1
2421 4 1 1 0 1
2421 23 1 2 23 2
2421 26 1 5 0 4
2421 19 1 4 0 3
2421 13 1 7 6 5
2421 9 1 1 7 1
2421 27 1 11 0 8
2421 18 1 2 7 2
2421 10 1 4 38 3
2421 8 1 2 38 2
2421 21 1 7 3 5
2441 9 1 7 7 5
2441 4 1 4 0 3
2441 16 1 1 15 1
2441 25 1 1 12 1
2441 7 1 1 12 1
2441 1 1 1 0 1
2441 30 1 2 0 2
2441 28 1 2 0 2
2441 2 1 1 26 1
2441 6 1 4 24 3
2441 22 1 1 11 1
2441 14 1 1 11 1
2441 17 1 1 12 1
2441 3 1 1 14 1
2441 12 1 1 5 1
2441 5 1 1 10 1
2441 29 1 1 0 1
2441 20 1 8 6 6
2441 15 1 1 0 1
2441 11 1 15 2 11
2441 24 1 1 0 1
2441 23 1 4 23 3
2441 26 1 12 0 9
2441 19 1 11 0 8
2441 13 1 4 6 3
2441 27 1 5 0 4
2441 18 1 1 7 1
2441 10 1 1 38 1
2441 8 1 1 38 1
2441 21 1 2 3 2
2461 8 1 1 38 1
2461 10 1 4 38 3
2461 18 1 1 7 1
2461 15 1 2 0 2
2461 29 1 1 0 1
2461 5 1 1 10 1
2461 12 1 1 5 1
2461 3 1 1 14 1
2461 17 1 1 12 1
2461 14 1 1 11 1
2461 22 1 1 11 1
2461 2 1 1 26 1
2461 9 1 5 7 4
2461 30 1 1 0 1
2461 28 1 2 0 2
2461 6 1 4 24 3
2461 20 1 1 6 1
2461 11 1 14 2 10
2461 23 1 4 23 3
2461 26 1 15 0 11
2461 19 1 7 0 5
2461 13 1 5 6 4
2461 27 1 4 0 3
2461 21 1 8 3 6
2461 4 1 2 0 2
2461 16 1 1 15 1
2461 25 1 1 12 1
2461 7 1 1 12 1
2461 1 1 1 0 1
2461 24 1 1 0 1
2481 24 1 2 0 2
2481 1 1 1 0 1
2481 7 1 1 12 1
2481 25 1 1 12 1
2481 16 1 1 15 1
2481 20 1 2 6 2
2481 30 1 2 0 2
2481 2 1 1 26 1
2481 22 1 1 11 1
2481 14 1 1 11 1
2481 17 1 1 12 1
2481 3 1 1 14 1
2481 12 1 1 5 1
2481 5 1 1 10 1
2481 29 1 2 0 2
2481 18 1 2 7 2
2481 8 1 1 38 1
2481 10 1 1 38 1
2481 15 1 1 0 1
2481 9 1 12 7 9
2481 28 1 2 0 2
2481 6 1 1 24 1
2481 11 1 11 2 8
2481 23 1 4 23 3
2481 26 1 12 0 9
2481 19 1 15 0 11
2481 13 1 12 6 9
2481 27 1 1 0 1
2481 21 1 2 3 2
2481 4 1 1 0 1
2501 4 1 2 0 2
2501 27 1 5 0 4
2501 6 1 2 24 2
2501 15 1 1 0 1
2501 10 1 2 38 2
2501 8 1 1 38 1
2501 5 1 1 10 1
2501 12 1 1 5 1
2501 3 1 1 14 1
2501 17 1 1 12 1
2501 14 1 1 11 1
2501 22 1 1 11 1
2501 2 1 2 26 2
2501 16 1 1 15 1
2501 25 1 1 12 1
2501 7 1 1 12 1
2501 1 1 1 0 1
2501 24 1 1 0 1
2501 20 1 2 6 2
2501 30 1 2 0 2
2501 29 1 2 0 2
2501 18 1 2 7 2
2501 9 1 4 7 3
2501 28 1 2 0 2
2501 11 1 7 2 5
2501 23 1 1 23 1
2501 26 1 12 0 9
2501 19 1 5 0 4
2501 13 1 14 6 10
2501 21 1 10 3 7
2521 24 1 2 0 2
2521 1 1 1 0 1
2521 7 1 1 12 1
2521 25 1 1 12 1
2521 16 1 1 15 1
2521 4 1 1 0 1
2521 21 1 10 3 7
2521 13 1 7 6 5
2521 19 1 17 0 12
2521 26 1 12 0 9
2521 11 1 11 2 8
2521 28 1 1 0 1
2521 9 1 15 7 11
2521 18 1 2 7 2
2521 29 1 4 0 3
2521 30 1 1 0 1
2521 20 1 5 6 4
2521 2 1 2 26 2
2521 10 1 2 38 2
2521 6 1 4 24 3
2521 27 1 11 0 8
2521 15 1 1 0 1
2521 8 1 1 38 1
2521 5 1 1 10 1
2521 12 1 1 5 1
2521 3 1 1 14 1
2521 17 1 1 12 1
2521 14 1 1 11 1
2521 22 1 1 11 1
2521 23 1 5 23 4
2541 22 1 1 11 1
2541 14 1 1 11 1
2541 17 1 1 12 1
2541 3 1 1 14 1
2541 12 1 1 5 1
2541 5 1 1 10 1
2541 8 1 2 38 2
2541 15 1 4 0 3
2541 30 1 1 0 1
2541 28 1 2 0 2
2541 4 1 1 0 1
2541 16 1 1 15 1
2541 25 1 1 12 1
2541 7 1 1 12 1
2541 1 1 1 0 1
2541 24 1 2 0 2
2541 21 1 12 3 9
2541 13 1 5 6 4
2541 19 1 2 0 2
2541 26 1 8 0 6
2541 11 1 2 2 2
2541 9 1 2 7 2
2541 18 1 2 7 2
2541 29 1 2 0 2
2541 20 1 7 6 5
2541 2 1 2 26 2
2541 10 1 4 38 3
2541 6 1 4 24 3
2541 27 1 5 0 4
2541 23 1 2 23 2
2561 1 1 1 0 1
2561 7 1 1 12 1
2561 25 1 1 12 1
2561 16 1 1 15 1
2561 4 1 2 0 2
2561 30 1 2 0 2
2561 5 1 1 10 1
2561 12 1 1 5 1
2561 3 1 1 14 1
2561 17 1 1 12 1
2561 14 1 1 11 1
2561 22 1 1 11 1
2561 8 1 1 38 1
2561 15 1 4 0 3
2561 28 1 2 0 2
2561 24 1 1 0 1
2561 21 1 11 3 8
2561 13 1 1 6 1
2561 19 1 10 0 7
2561 26 1 11 0 8
2561 11 1 11 2 8
2561 9 1 7 7 5
2561 18 1 1 7 1
2561 29 1 1 0 1
2561 20 1 2 6 2
2561 2 1 1 26 1
2561 10 1 4 38 3
2561 6 1 4 24 3
2561 27 1 5 0 4
2561 23 1 2 23 2
2581 2 1 1 26 1
2581 29 1 4 0 3
2581 18 1 1 7 1
2581 13 1 10 6 7
2581 8 1 1 38 1
2581 22 1 1 11 1
2581 14 1 1 11 1
2581 17 1 1 12 1
2581 3 1 1 14 1
2581 12 1 1 5 1
2581 5 1 1 10 1
2581 30 1 2 0 2
2581 15 1 2 0 2
2581 28 1 1 0 1
2581 21 1 1 3 1
2581 19 1 10 0 7
2581 26 1 15 0 11
2581 11 1 15 2 11
2581 9 1 7 7 5
2581 20 1 1 6 1
2581 10 1 1 38 1
2581 6 1 2 24 2
2581 27 1 5 0 4
2581 23 1 4 23 3
2581 4 1 4 0 3
2581 1 1 1 0 1
2581 7 1 1 12 1
2581 25 1 1 12 1
2581 16 1 1 15 1
2581 24 1 2 0 2
2601 16 1 1 15 1
2601 25 1 1 12 1
2601 7 1 1 12 1
2601 1 1 1 0 1
2601 10 1 4 38 3
2601 20 1 1 6 1
2601 21 1 4 3 3
2601 28 1 2 0 2
2601 5 1 1 10 1
2601 12 1 1 5 1
2601 3 1 1 14 1
2601 17 1 1 12 1
2601 14 1 1 11 1
2601 22 1 1 11 1
2601 8 1 2 38 2
2601 18 1 1 7 1
2601 2 1 2 26 2
2601 29 1 1 0 1
2601 13 1 12 6 9
2601 30 1 2 0 2
2601 15 1 1 0 1
2601 19 1 15 0 11
2601 26 1 5 0 4
2601 11 1 1 2 1
2601 9 1 1 7 1
2601 6 1 2 24 2
2601 27 1 10 0 7
2601 23 1 4 23 3
2601 4 1 4 0 3
2601 24 1 1 0 1
2621 24 1 2 0 2
2621 9 1 5 7 4
2621 11 1 10 2 7
2621 15 1 2 0 2
2621 29 1 2 0 2
2621 18 1 1 7 1
2621 22 1 1 11 1
2621 14 1 1 11 1
2621 17 1 1 12 1
2621 3 1 1 14 1
2621 12 1 1 5 1
2621 5 1 1 10 1
2621 20 1 5 6 4
2621 1 1 1 0 1
2621 7 1 1 12 1
2621 25 1 1 12 1
2621 16 1 1 15 1
2621 10 1 2 38 2
2621 21 1 1 3 1
2621 28 1 2 0 2
2621 8 1 2 38 2
2621 2 1 1 26 1
2621 13 1 4 6 3
2621 30 1 2 0 2
2621 19 1 10 0 7
2621 26 1 11 0 8
2621 6 1 2 24 2
2621 27 1 4 0 3
2621 23 1 4 23 3
2621 4 1 2 0 2
2641 16 1 1 15 1
2641 25 1 1 12 1
2641 7 1 1 12 1
2641 1 1 1 0 1
2641 24 1 1 0 1
2641 4 1 2 0 2
2641 23 1 1 23 1
2641 27 1 4 0 3
2641 6 1 2 24 2
2641 26 1 14 0 10
2641 19 1 11 0 8
2641 30 1 1 0 1
2641 13 1 7 6 5
2641 8 1 2 38 2
2641 28 1 2 0 2
2641 10 1 1 38 1
2641 20 1 4 6 3
2641 29 1 2 0 2
2641 15 1 2 0 2
2641 11 1 12 2 9
2641 9 1 8 7 6
2641 18 1 2 7 2
2641 22 1 1 11 1
2641 14 1 1 11 1
2641 17 1 1 12 1
2641 3 1 1 14 1
2641 12 1 1 5 1
2641 5 1 1 10 1
2641 21 1 1 3 1
2641 2 1 1 26 1
2661 2 1 1 26 1
2661 21 1 7 3 5
2661 5 1 1 10 1
2661 12 1 1 5 1
2661 3 1 1 14 1
2661 17 1 1 12 1
2661 14 1 1 11 1
2661 22 1 1 11 1
2661 10 1 4 38 3
2661 30 1 2 0 2
2661 23 1 2 23 2
2661 24 1 2 0 2
2661 1 1 1 0 1
2661 7 1 1 12 1
2661 25 1 1 12 1
2661 16 1 1 15 1
2661 4 1 1 0 1
2661 27 1 8 0 6
2661 6 1 4 24 3
2661 26 1 12 0 9
2661 19 1 8 0 6
2661 13 1 8 6 6
2661 8 1 2 38 2
2661 28 1 1 0 1
2661 20 1 7 6 5
2661 29 1 4 0 3
2661 15 1 2 0 2
2661 11 1 11 2 8
2661 9 1 1 7 1
2661 18 1 2 7 2
2681 9 1 5 7 4
2681 28 1 2 0 2
2681 4 1 1 0 1
2681 16 1 1 15 1
2681 25 1 1 12 1
2681 7 1 1 12 1
2681 1 1 1 0 1
2681 22 1 1 11 1
2681 14 1 1 11 1
2681 17 1 1 12 1
2681 3 1 1 14 1
2681 12 1 1 5 1
2681 5 1 1 10 1
2681 2 1 1 26 1
2681 21 1 7 3 5
2681 10 1 4 38 3
2681 30 1 2 0 2
2681 23 1 2 23 2
2681 24 1 2 0 2
2681 27 1 4 0 3
2681 6 1 2 24 2
2681 26 1 12 0 9
2681 19 1 14 0 10
2681 13 1 4 6 3
2681 8 1 2 38 2
2681 20 1 1 6 1
2681 29 1 4 0 3
2681 15 1 4 0 3
2681 11 1 8 2 6
2681 18 1 1 7 1
2701 18 1 1 7 1
2701 20 1 5 6 4
2701 2 1 1 26 1
2701 5 1 1 10 1
2701 12 1 1 5 1
2701 3 1 1 14 1
2701 17 1 1 12 1
2701 14 1 1 11 1
2701 22 1 1 11 1
2701 9 1 11 7 8
2701 28 1 2 0 2
2701 21 1 10 3 7
2701 10 1 2 38 2
2701 30 1 2 0 2
2701 23 1 4 23 3
2701 27 1 1 0 1
2701 6 1 4 24 3
2701 26 1 11 0 8
2701 19 1 2 0 2
2701 13 1 10 6 7
2701 8 1 2 38 2
2701 29 1 4 0 3
2701 15 1 4 0 3
2701 11 1 14 2 10
2701 24 1 1 0 1
2701 4 1 2 0 2
2701 16 1 1 15 1
2701 25 1 1 12 1
2701 7 1 1 12 1
2701 1 1 1 0 1
2721 1 1 1 0 1
2721 7 1 1 12 1
2721 25 1 1 12 1
2721 16 1 1 15 1
2721 24 1 1 0 1
2721 27 1 7 0 5
2721 22 1 1 11 1
2721 14 1 1 11 1
2721 17 1 1 12 1
2721 3 1 1 14 1
2721 12 1 1 5 1
2721 5 1 1 10 1
2721 2 1 2 26 2
2721 18 1 2 7 2
2721 20 1 2 6 2
2721 9 1 10 7 7
2721 28 1 2 0 2
2721 21 1 8 3 6
2721 10 1 2 38 2
2721 30 1 2 0 2
2721 23 1 2 23 2
2721 6 1 4 24 3
2721 26 1 7 0 5
2721 19 1 2 0 2
2721 13 1 14 6 10
2721 8 1 1 38 1
2721 29 1 1 0 1
2721 15 1 2 0 2
2721 11 1 2 2 2
2721 4 1 4 0 3
2741 29 1 4 0 3
2741 8 1 2 38 2
2741 5 1 1 10 1
2741 12 1 1 5 1
2741 3 1 1 14 1
2741 17 1 1 12 1
2741 14 1 1 11 1
2741 22 1 1 11 1
2741 24 1 1 0 1
2741 16 1 1 15 1
2741 25 1 1 12 1
2741 7 1 1 12 1
2741 1 1 1 0 1
2741 27 1 7 0 5
2741 2 1 1 26 1
2741 18 1 2 7 2
2741 20 1 2 6 2
2741 9 1 5 7 4
2741 28 1 2 0 2
2741 21 1 12 3 9
2741 10 1 2 38 2
2741 30 1 2 0 2
2741 23 1 2 23 2
2741 6 1 2 24 2
2741 26 1 4 0 3
2741 19 1 4 0 3
2741 13 1 11 6 8
2741 15 1 4 0 3
2741 11 1 12 2 9
2741 4 1 2 0 2
2761 1 1 1 0 1
2761 7 1 1 12 1
2761 25 1 1 12 1
2761 16 1 1 15 1
2761 24 1 1 0 1
2761 4 1 4 0 3
2761 11 1 2 2 2
2761 15 1 4 0 3
2761 13 1 7 6 5
2761 19 1 11 0 8
2761 26 1 15 0 11
2761 6 1 1 24 1
2761 23 1 4 23 3
2761 30 1 1 0 1
2761 10 1 1 38 1
2761 21 1 7 3 5
2761 28 1 2 0 2
2761 9 1 12 7 9
2761 20 1 7 6 5
2761 18 1 2 7 2
2761 27 1 10 0 7
2761 8 1 2 38 2
2761 29 1 1 0 1
2761 5 1 1 10 1
2761 12 1 1 5 1
2761 3 1 1 14 1
2761 17 1 1 12 1
2761 14 1 1 11 1
2761 22 1 1 11 1
2761 2 1 1 26 1
2781 2 1 1 26 1
2781 22 1 1 11 1
2781 14 1 1 11 1
2781 17 1 1 12 1
2781 3 1 1 14 1
2781 12 1 1 5 1
2781 5 1 1 10 1
2781 29 1 4 0 3
2781 10 1 1 38 1
2781 30 1 2 0 2
2781 6 1 4 24 3
2781 24 1 1 0 1
2781 16 1 1 15 1
2781 25 1 1 12 1
2781 7 1 1 12 1
2781 1 1 1 0 1
2781 4 1 4 0 3
2781 11 1 8 2 6
2781 15 1 1 0 1
2781 13 1 12 6 9
2781 19 1 2 0 2
2781 26 1 4 0 3
2781 23 1 2 23 2
2781 21 1 11 3 8
2781 28 1 2 0 2
2781 9 1 8 7 6
2781 20 1 7 6 5
2781 18 1 2 7 2
2781 27 1 7 0 5
2781 8 1 1 38 1
2801 8 1 1 38 1
2801 15 1 1 0 1
2801 1 1 1 0 1
2801 7 1 1 12 1
2801 25 1 1 12 1
2801 16 1 1 15 1
2801 24 1 2 0 2
2801 10 1 2 38 2
2801 5 1 1 10 1
2801 12 1 1 5 1
2801 3 1 1 14 1
2801 17 1 1 12 1
2801 14 1 1 11 1
2801 22 1 1 11 1
2801 2 1 2 26 2
2801 29 1 2 0 2
2801 30 1 2 0 2
2801 6 1 4 24 3
2801 4 1 1 0 1
2801 11 1 8 2 6
2801 13 1 5 6 4
2801 19 1 11 0 8
2801 26 1 15 0 11
2801 23 1 5 23 4
2801 21 1 12 3 9
2801 28 1 1 0 1
2801 9 1 12 7 9
2801 20 1 1 6 1
2801 18 1 1 7 1
2801 27 1 10 0 7
2821 18 1 1 7 1
2821 20 1 1 6 1
2821 28 1 1 0 1
2821 22 1 1 11 1
2821 14 1 1 11 1
2821 17 1 1 12 1
2821 3 1 1 14 1
2821 12 1 1 5 1
2821 5 1 1 10 1
2821 15 1 2 0 2
2821 8 1 1 38 1
2821 10 1 4 38 3
2821 2 1 1 26 1
2821 29 1 1 0 1
2821 30 1 2 0 2
2821 6 1 1 24 1
2821 11 1 10 2 7
2821 13 1 7 6 5
2821 19 1 10 0 7
2821 26 1 5 0 4
2821 23 1 5 23 4
2821 21 1 7 3 5
2821 9 1 14 7 10
2821 27 1 7 0 5
2821 24 1 2 0 2
2821 1 1 1 0 1
2821 7 1 1 12 1
2821 25 1 1 12 1
2821 16 1 1 15 1
2821 4 1 4 0 3
2841 16 1 1 15 1
2841 25 1 1 12 1
2841 7 1 1 12 1
2841 1 1 1 0 1
2841 6 1 1 24 1
2841 29 1 1 0 1
2841 2 1 2 26 2
2841 8 1 1 38 1
2841 5 1 1 10 1
2841 12 1 1 5 1
2841 3 1 1 14 1
2841 17 1 1 12 1
2841 14 1 1 11 1
2841 22 1 1 11 1
2841 28 1 2 0 2
2841 20 1 4 6 3
2841 18 1 1 7 1
2841 15 1 4 0 3
2841 10 1 4 38 3
2841 30 1 2 0 2
2841 11 1 12 2 9
2841 13 1 12 6 9
2841 19 1 1 0 1
2841 26 1 2 0 2
2841 23 1 1 23 1
2841 21 1 8 3 6
2841 9 1 12 7 9
2841 27 1 1 0 1
2841 24 1 2 0 2
2841 4 1 2 0 2
2861 27 1 4 0 3
2861 23 1 4 23 3
2861 19 1 12 0 9
2861 18 1 1 7 1
2861 22 1 1 11 1
2861 14 1 1 11 1
2861 17 1 1 12 1
2861 3 1 1 14 1
2861 12 1 1 5 1
2861 5 1 1 10 1
2861 8 1 1 38 1
2861 29 1 2 0 2
2861 6 1 1 24 1
2861 1 1 1 0 1
2861 7 1 1 12 1
2861 25 1 1 12 1
2861 16 1 1 15 1
2861 2 1 1 26 1
2861 28 1 1 0 1
2861 20 1 5 6 4
2861 15 1 1 0 1
2861 10 1 2 38 2
2861 30 1 1 0 1
2861 11 1 1 2 1
2861 13 1 14 6 10
2861 26 1 5 0 4
2861 21 1 8 3 6
2861 9 1 2 7 2
2861 24 1 2 0 2
2861 4 1 2 0 2
2881 16 1 1 15 1
2881 25 1 1 12 1
2881 7 1 1 12 1
2881 1 1 1 0 1
2881 24 1 2 0 2
2881 4 1 1 0 1
2881 9 1 4 7 3
2881 21 1 7 3 5
2881 26 1 10 0 7
2881 13 1 14 6 10
2881 10 1 2 38 2
2881 20 1 5 6 4
2881 29 1 1 0 1
2881 19 1 18 0 13
2881 23 1 2 23 2
2881 27 1 2 0 2
2881 18 1 1 7 1
2881 22 1 1 11 1
2881 14 1 1 11 1
2881 17 1 1 12 1
2881 3 1 1 14 1
2881 12 1 1 5 1
2881 5 1 1 10 1
2881 8 1 2 38 2
2881 6 1 4 24 3
2881 2 1 1 26 1
2881 28 1 1 0 1
2881 15 1 1 0 1
2881 30 1 1 0 1
2881 11 1 2 2 2
2901 30 1 1 0 1
2901 15 1 4 0 3
2901 28 1 2 0 2
2901 2 1 1 26 1
2901 5 1 1 10 1
2901 12 1 1 5 1
2901 3 1 1 14 1
2901 17 1 1 12 1
2901 14 1 1 11 1
2901 22 1 1 11 1
2901 18 1 2 7 2
2901 29 1 4 0 3
2901 4 1 2 0 2
2901 1 1 1 0 1
2901 7 1 1 12 1
2901 25 1 1 12 1
2901 16 1 1 15 1
2901 24 1 2 0 2
2901 9 1 4 7 3
2901 21 1 12 3 9
2901 26 1 8 0 6
2901 13 1 11 6 8
2901 10 1 1 38 1
2901 20 1 2 6 2
2901 19 1 4 0 3
2901 23 1 2 23 2
2901 27 1 7 0 5
2901 8 1 1 38 1
2901 6 1 2 24 2
2901 11 1 8 2 6
2921 8 1 2 38 2
2921 10 1 2 38 2
2921 16 1 1 15 1
2921 25 1 1 12 1
2921 7 1 1 12 1
2921 1 1 1 0 1
2921 22 1 1 11 1
2921 14 1 1 11 1
2921 17 1 1 12 1
2921 3 1 1 14 1
2921 12 1 1 5 1
2921 5 1 1 10 1
2921 2 1 2 26 2
2921 30 1 2 0 2
2921 15 1 2 0 2
2921 28 1 1 0 1
2921 18 1 2 7 2
2921 29 1 4 0 3
2921 4 1 2 0 2
2921 24 1 2 0 2
2921 9 1 1 7 1
2921 21 1 10 3 7
2921 26 1 14 0 10
2921 13 1 7 6 5
2921 20 1 8 6 6
2921 19 1 12 0 9
2921 23 1 2 23 2
2921 27 1 8 0 6
2921 6 1 4 24 3
2921 11 1 2 2 2
2941 9 1 5 7 4
2941 28 1 2 0 2
2941 5 1 1 10 1
2941 12 1 1 5 1
2941 3 1 1 14 1
2941 17 1 1 12 1
2941 14 1 1 11 1
2941 22 1 1 11 1
2941 8 1 2 38 2
2941 10 1 4 38 3
2941 2 1 2 26 2
2941 30 1 1 0 1
2941 15 1 1 0 1
2941 18 1 2 7 2
2941 29 1 2 0 2
2941 21 1 12 3 9
2941 26 1 1 0 1
2941 13 1 7 6 5
2941 20 1 8 6 6
2941 19 1 5 0 4
2941 23 1 5 23 4
2941 27 1 11 0 8
2941 6 1 2 24 2
2941 11 1 4 2 3
2941 24 1 2 0 2
2941 4 1 4 0 3
2941 16 1 1 15 1
2941 25 1 1 12 1
2941 7 1 1 12 1
2941 1 1 1 0 1
2961 1 1 1 0 1
2961 7 1 1 12 1
2961 25 1 1 12 1
2961 16 1 1 15 1
2961 26 1 11 0 8
2961 15 1 2 0 2
2961 30 1 1 0 1
2961 22 1 1 11 1
2961 14 1 1 11 1
2961 17 1 1 12 1
2961 3 1 1 14 1
2961 12 1 1 5 1
2961 5 1 1 10 1
2961 9 1 7 7 5
2961 28 1 2 0 2
2961 8 1 2 38 2
2961 10 1 2 38 2
2961 2 1 2 26 2
2961 18 1 1 7 1
2961 29 1 1 0 1
2961 21 1 2 3 2
2961 13 1 4 6 3
2961 20 1 7 6 5
2961 19 1 7 0 5
2961 23 1 2 23 2
2961 27 1 5 0 4
2961 6 1 1 24 1
2961 11 1 7 2 5
2961 24 1 2 0 2
2961 4 1 1 0 1
2981 4 1 2 0 2
2981 6 1 1 24 1
2981 29 1 4 0 3
2981 18 1 2 7 2
2981 5 1 1 10 1
2981 12 1 1 5 1
2981 3 1 1 14 1
2981 17 1 1 12 1
2981 14 1 1 11 1
2981 22 1 1 11 1
2981 30 1 2 0 2
2981 16 1 1 15 1
2981 25 1 1 12 1
2981 7 1 1 12 1
2981 1 1 1 0 1
2981 26 1 4 0 3
2981 15 1 4 0 3
2981 9 1 7 7 5
2981 28 1 2 0 2
2981 8 1 2 38 2
2981 10 1 4 38 3
2981 2 1 2 26 2
2981 21 1 10 3 7
2981 13 1 4 6 3
2981 20 1 4 6 3
2981 19 1 1 0 1
2981 23 1 2 23 2
2981 27 1 2 0 2
2981 11 1 11 2 8
2981 24 1 1 0 1
3001 24 1 2 0 2
3001 1 1 1 0 1
3001 7 1 1 12 1
3001 25 1 1 12 1
3001 16 1 1 15 1
3001 4 1 1 0 1
3001 11 1 14 2 10
3001 27 1 4 0 3
3001 23 1 4 23 3
3001 20 1 1 6 1
3001 13 1 7 6 5
3001 21 1 1 3 1
3001 2 1 1 26 1
3001 10 1 2 38 2
3001 8 1 1 38 1
3001 28 1 2 0 2
3001 9 1 15 7 11
3001 15 1 4 0 3
3001 26 1 15 0 11
3001 30 1 1 0 1
3001 18 1 2 7 2
3001 29 1 1 0 1
3001 6 1 4 24 3
3001 5 1 1 10 1
3001 12 1 1 5 1
3001 3 1 1 14 1
3001 17 1 1 12 1
3001 14 1 1 11 1
3001 22 1 1 11 1
3001 19 1 4 0 3
3021 22 1 1 11 1
3021 14 1 1 11 1
3021 17 1 1 12 1
3021 3 1 1 14 1
3021 12 1 1 5 1
3021 5 1 1 10 1
3021 29 1 1 0 1
3021 30 1 1 0 1
3021 8 1 1 38 1
3021 2 1 1 26 1
3021 21 1 8 3 6
3021 20 1 4 6 3
3021 4 1 1 0 1
3021 16 1 1 15 1
3021 25 1 1 12 1
3021 7 1 1 12 1
3021 1 1 1 0 1
3021 24 1 1 0 1
3021 11 1 8 2 6
3021 27 1 4 0 3
3021 23 1 4 23 3
3021 13 1 5 6 4
3021 10 1 2 38 2
3021 28 1 1 0 1
3021 9 1 8 7 6
3021 15 1 4 0 3
3021 26 1 15 0 11
3021 18 1 2 7 2
3021 6 1 4 24 3
3021 19 1 1 0 1
3041 19 1 18 0 13
3041 28 1 2 0 2
3041 24 1 2 0 2
3041 1 1 1 0 1
3041 7 1 1 12 1
3041 25 1 1 12 1
3041 16 1 1 15 1
3041 4 1 2 0 2
3041 2 1 2 26 2
3041 8 1 2 38 2
3041 30 1 2 0 2
3041 29 1 1 0 1
3041 5 1 1 10 1
3041 12 1 1 5 1
3041 3 1 1 14 1
3041 17 1 1 12 1
3041 14 1 1 11 1
3041 22 1 1 11 1
3041 21 1 11 3 8
3041 20 1 8 6 6
3041 11 1 12 2 9
3041 27 1 5 0 4
3041 23 1 4 23 3
3041 13 1 4 6 3
3041 10 1 1 38 1
3041 9 1 2 7 2
3041 15 1 1 0 1
3041 26 1 14 0 10
3041 18 1 2 7 2
3041 6 1 1 24 1
3061 6 1 1 24 1
3061 15 1 4 0 3
3061 10 1 4 38 3
3061 22 1 1 11 1
3061 14 1 1 11 1
3061 17 1 1 12 1
3061 3 1 1 14 1
3061 12 1 1 5 1
3061 5 1 1 10 1
3061 29 1 4 0 3
3061 19 1 5 0 4
3061 28 1 2 0 2
3061 2 1 1 26 1
3061 8 1 2 38 2
3061 30 1 2 0 2
3061 21 1 2 3 2
3061 20 1 4 6 3
3061 11 1 7 2 5
3061 27 1 10 0 7
3061 23 1 4 23 3
3061 13 1 7 6 5
3061 9 1 15 7 11
3061 26 1 7 0 5
3061 18 1 1 7 1
3061 4 1 1 0 1
3061 24 1 1 0 1
3061 1 1 1 0 1
3061 7 1 1 12 1
3061 25 1 1 12 1
3061 16 1 1 15 1
3081 16 1 1 15 1
3081 25 1 1 12 1
3081 7 1 1 12 1
3081 1 1 1 0 1
3081 24 1 1 0 1
3081 4 1 1 0 1
3081 18 1 2 7 2
3081 2 1 1 26 1
3081 5 1 1 10 1
3081 12 1 1 5 1
3081 3 1 1 14 1
3081 17 1 1 12 1
3081 14 1 1 11 1
3081 22 1 1 11 1
3081 6 1 2 24 2
3081 15 1 2 0 2
3081 10 1 2 38 2
3081 29 1 4 0 3
3081 19 1 17 0 12
3081 28 1 2 0 2
3081 8 1 2 38 2
3081 30 1 2 0 2
3081 21 1 1 3 1
3081 20 1 7 6 5
3081 11 1 7 2 5
3081 27 1 10 0 7
3081 23 1 4 23 3
3081 13 1 14 6 10
3081 9 1 4 7 3
3081 26 1 10 0 7
3101 21 1 7 3 5
3101 22 1 1 11 1
3101 14 1 1 11 1
3101 17 1 1 12 1
3101 3 1 1 14 1
3101 12 1 1 5 1
3101 5 1 1 10 1
3101 2 1 2 26 2
3101 4 1 1 0 1
3101 24 1 1 0 1
3101 1 1 1 0 1
3101 7 1 1 12 1
3101 25 1 1 12 1
3101 16 1 1 15 1
3101 18 1 1 7 1
3101 6 1 1 24 1
3101 15 1 1 0 1
3101 10 1 4 38 3
3101 29 1 2 0 2
3101 19 1 8 0 6
3101 28 1 1 0 1
3101 8 1 1 38 1
3101 30 1 2 0 2
3101 20 1 1 6 1
3101 11 1 10 2 7
3101 27 1 5 0 4
3101 23 1 2 23 2
3101 13 1 11 6 8
3101 9 1 8 7 6
3101 26 1 12 0 9
3121 16 1 1 15 1
3121 25 1 1 12 1
3121 7 1 1 12 1
3121 1 1 1 0 1
3121 24 1 1 0 1
3121 4 1 1 0 1
3121 26 1 10 0 7
3121 9 1 14 7 10
3121 13 1 5 6 4
3121 23 1 2 23 2
3121 27 1 4 0 3
3121 11 1 11 2 8
3121 30 1 2 0 2
3121 19 1 14 0 10
3121 29 1 1 0 1
3121 10 1 1 38 1
3121 2 1 2 26 2
3121 21 1 11 3 8
3121 22 1 1 11 1
3121 14 1 1 11 1
3121 17 1 1 12 1
3121 3 1 1 14 1
3121 12 1 1 5 1
3121 5 1 1 10 1
3121 18 1 2 7 2
3121 6 1 1 24 1
3121 15 1 1 0 1
3121 28 1 1 0 1
3121 8 1 1 38 1
3121 20 1 2 6 2
3141 8 1 25 38 18
3141 28 1 4 0 3
3141 15 1 8 0 6
3141 6 1 27 24 19
3141 5 1 11 10 8
3141 12 1 4 5 3
3141 3 1 21 14 15
3141 17 1 27 12 19
3141 14 1 22 11 16
3141 22 1 27 11 19
3141 10 1 22 38 16
3141 29 1 14 0 10
3141 4 1 22 0 16
3141 24 1 14 0 10
3141 1 1 27 0 19
3141 7 1 11 12 8
3141 25 1 27 12 19
3141 16 1 2 15 2
3141 26 1 28 0 20
3141 9 1 15 7 11
3141 13 1 28 6 20
3141 23 1 18 23 13
3141 27 1 11 0 8
3141 11 1 24 2 17
3141 30 1 27 0 19
3141 19 1 24 0 17
3141 2 1 2 26 2
3141 21 1 20 3 14
3141 18 1 17 7 12
3141 20 1 24 6 17
3161 8 1 20 38 14
3161 28 1 7 0 5
3161 15 1 22 0 16
3161 6 1 11 24 8
3161 5 1 1 10 1
3161 12 1 7 5 5
3161 3 1 27 14 19
3161 17 1 12 12 9
3161 14 1 5 11 4
3161 22 1 24 11 17
3161 10 1 7 38 5
3161 29 1 15 0 11
3161 4 1 20 0 14
3161 24 1 22 0 16
3161 1 1 1 0 1
3161 7 1 21 12 15
3161 25 1 22 12 16
3161 16 1 22 15 16
3161 26 1 28 0 20
3161 9 1 27 7 19
3161 13 1 15 6 11
3161 23 1 27 23 19
3161 27 1 27 0 19
3161 11 1 17 2 12
3161 30 1 12 0 9
3161 19 1 20 0 14
3161 2 1 22 26 16
3161 21 1 15 3 11
3161 18 1 17 7 12
3161 20 1 27 6 19
3181 5 1 1 10 1
3181 8 1 2 38 2
3181 28 1 2 0 2
3181 15 1 1 0 1
3181 6 1 4 24 3
3181 12 1 1 5 1
3181 3 1 1 14 1
3181 17 1 1 12 1
3181 14 1 1 11 1
3181 22 1 1 11 1
3181 10 1 2 38 2
3181 29 1 4 0 3
3181 26 1 15 0 11
3181 9 1 15 7 11
3181 13 1 10 6 7
3181 23 1 2 23 2
3181 27 1 5 0 4
3181 11 1 11 2 8
3181 30 1 1 0 1
3181 19 1 7 0 5
3181 2 1 1 26 1
3181 21 1 4 3 3
3181 18 1 1 7 1
3181 20 1 2 6 2
3181 16 1 1 15 1
3181 25 1 1 12 1
3181 7 1 1 12 1
3181 24 1 1 0 1
3181 4 1 4 0 3
3181 1 1 1 0 1
3201 1 1 1 0 1
3201 24 1 1 0 1
3201 7 1 1 12 1
3201 25 1 1 12 1
3201 16 1 1 15 1
3201 18 1 2 7 2
3201 2 1 2 26 2
3201 30 1 2 0 2
3201 22 1 1 11 1
3201 14 1 1 11 1
3201 17 1 1 12 1
3201 3 1 1 14 1
3201 12 1 1 5 1
3201 15 1 2 0 2
3201 5 1 1 10 1
3201 8 1 2 38 2
3201 28 1 2 0 2
3201 6 1 1 24 1
3201 10 1 2 38 2
3201 29 1 2 0 2
3201 26 1 15 0 11
3201 9 1 5 7 4
3201 13 1 11 6 8
3201 23 1 1 23 1
3201 27 1 5 0 4
3201 11 1 14 2 10
3201 19 1 12 0 9
3201 21 1 4 3 3
3201 20 1 7 6 5
3201 4 1 1 0 1
3221 4 1 2 0 2
3221 23 1 2 23 2
3221 6 1 1 24 1
3221 5 1 1 10 1
3221 12 1 1 5 1
3221 3 1 1 14 1
3221 17 1 1 12 1
3221 14 1 1 11 1
3221 22 1 1 11 1
3221 16 1 1 15 1
3221 25 1 1 12 1
3221 7 1 1 12 1
3221 24 1 2 0 2
3221 1 1 1 0 1
3221 18 1 1 7 1
3221 2 1 1 26 1
3221 30 1 2 0 2
3221 15 1 4 0 3
3221 8 1 1 38 1
3221 28 1 2 0 2
3221 10 1 2 38 2
3221 29 1 4 0 3
3221 26 1 10 0 7
3221 9 1 12 7 9
3221 13 1 12 6 9
3221 27 1 11 0 8
3221 11 1 7 2 5
3221 19 1 1 0 1
3221 21 1 5 3 4
3221 20 1 7 6 5
3241 1 1 1 0 1
3241 7 1 1 12 1
3241 25 1 1 12 1
3241 16 1 1 15 1
3241 4 1 4 0 3
3241 24 1 1 0 1
3241 20 1 4 6 3
3241 21 1 11 3 8
3241 11 1 14 2 10
3241 27 1 7 0 5
3241 13 1 2 6 2
3241 9 1 2 7 2
3241 26 1 4 0 3
3241 29 1 4 0 3
3241 10 1 4 38 3
3241 28 1 1 0 1
3241 15 1 1 0 1
3241 30 1 2 0 2
3241 23 1 2 23 2
3241 6 1 1 24 1
3241 5 1 1 10 1
3241 12 1 1 5 1
3241 3 1 1 14 1
3241 17 1 1 12 1
3241 14 1 1 11 1
3241 22 1 1 11 1
3241 18 1 1 7 1
3241 2 1 1 26 1
3241 8 1 1 38 1
3241 19 1 8 0 6
3261 8 1 2 38 2
3261 2 1 1 26 1
3261 18 1 2 7 2
3261 22 1 1 11 1
3261 14 1 1 11 1
3261 17 1 1 12 1
3261 3 1 1 14 1
3261 12 1 1 5 1
3261 5 1 1 10 1
3261 6 1 1 24 1
3261 15 1 2 0 2
3261 28 1 2 0 2
3261 24 1 2 0 2
3261 16 1 1 15 1
3261 25 1 1 12 1
3261 7 1 1 12 1
3261 1 1 1 0 1
3261 4 1 4 0 3
3261 20 1 8 6 6
3261 21 1 8 3 6
3261 11 1 1 2 1
3261 27 1 1 0 1
3261 13 1 5 6 4
3261 9 1 14 7 10
3261 26 1 8 0 6
3261 29 1 1 0 1
3261 10 1 4 38 3
3261 30 1 2 0 2
3261 23 1 2 23 2
3261 19 1 18 0 13
3281 29 1 2 0 2
3281 27 1 4 0 3
3281 11 1 15 2 11
3281 1 1 1 0 1
3281 7 1 1 12 1
3281 25 1 1 12 1
3281 16 1 1 15 1
3281 6 1 4 24 3
3281 5 1 1 10 1
3281 12 1 1 5 1
3281 3 1 1 14 1
3281 17 1 1 12 1
3281 14 1 1 11 1
3281 22 1 1 11 1
3281 2 1 2 26 2
3281 8 1 2 38 2
3281 18 1 2 7 2
3281 15 1 1 0 1
3281 28 1 1 0 1
3281 24 1 1 0 1
3281 4 1 2 0 2
3281 20 1 5 6 4
3281 21 1 12 3 9
3281 13 1 5 6 4
3281 9 1 10 7 7
3281 26 1 8 0 6
3281 10 1 1 38 1
3281 30 1 2 0 2
3281 23 1 5 23 4
3281 19 1 1 0 1
3301 19 1 5 0 4
3301 10 1 2 38 2
3301 28 1 1 0 1
3301 15 1 2 0 2
3301 22 1 1 11 1
3301 14 1 1 11 1
3301 17 1 1 12 1
3301 3 1 1 14 1
3301 12 1 1 5 1
3301 5 1 1 10 1
3301 29 1 2 0 2
3301 27 1 7 0 5
3301 11 1 7 2 5
3301 6 1 4 24 3
3301 2 1 1 26 1
3301 8 1 1 38 1
3301 18 1 2 7 2
3301 20 1 8 6 6
3301 21 1 2 3 2
3301 13 1 12 6 9
3301 9 1 4 7 3
3301 26 1 11 0 8
3301 30 1 1 0 1
3301 23 1 5 23 4
3301 4 1 4 0 3
3301 1 1 1 0 1
3301 7 1 1 12 1
3301 25 1 1 12 1
3301 16 1 1 15 1
3301 24 1 1 0 1
3321 24 1 1 0 1
3321 16 1 1 15 1
3321 25 1 1 12 1
3321 7 1 1 12 1
3321 1 1 1 0 1
3321 30 1 1 0 1
3321 8 1 1 38 1
3321 2 1 1 26 1
3321 5 1 1 10 1
3321 12 1 1 5 1
3321 3 1 1 14 1
3321 17 1 1 12 1
3321 14 1 1 11 1
3321 22 1 1 11 1
3321 28 1 2 0 2
3321 19 1 7 0 5
3321 10 1 1 38 1
3321 15 1 2 0 2
3321 29 1 4 0 3
3321 27 1 7 0 5
3321 11 1 7 2 5
3321 6 1 4 24 3
3321 18 1 2 7 2
3321 20 1 2 6 2
3321 21 1 8 3 6
3321 13 1 14 6 10
3321 9 1 12 7 9
3321 26 1 11 0 8
3321 23 1 4 23 3
3321 4 1 1 0 1
3341 4 1 1 0 1
3341 10 1 2 38 2
3341 22 1 1 11 1
3341 14 1 1 11 1
3341 17 1 1 12 1
3341 3 1 1 14 1
3341 12 1 1 5 1
3341 5 1 1 10 1
3341 2 1 1 26 1
3341 8 1 2 38 2
3341 30 1 1 0 1
3341 1 1 1 0 1
3341 7 1 1 12 1
3341 25 1 1 12 1
3341 16 1 1 15 1
3341 24 1 2 0 2
3341 28 1 1 0 1
3341 19 1 4 0 3
3341 15 1 1 0 1
3341 29 1 2 0 2
3341 27 1 8 0 6
3341 11 1 12 2 9
3341 6 1 2 24 2
3341 18 1 1 7 1
3341 20 1 8 6 6
3341 21 1 7 3 5
3341 13 1 14 6 10
3341 9 1 5 7 4
3341 26 1 4 0 3
3341 23 1 5 23 4
3361 16 1 1 15 1
3361 25 1 1 12 1
3361 7 1 1 12 1
3361 1 1 1 0 1
3361 4 1 2 0 2
3361 24 1 2 0 2
3361 23 1 2 23 2
3361 26 1 7 0 5
3361 9 1 11 7 8
3361 13 1 12 6 9
3361 21 1 1 3 1
3361 20 1 8 6 6
3361 6 1 4 24 3
3361 11 1 14 2 10
3361 27 1 7 0 5
3361 29 1 1 0 1
3361 19 1 11 0 8
3361 8 1 2 38 2
3361 10 1 1 38 1
3361 22 1 1 11 1
3361 14 1 1 11 1
3361 17 1 1 12 1
3361 3 1 1 14 1
3361 12 1 1 5 1
3361 5 1 1 10 1
3361 2 1 1 26 1
3361 30 1 2 0 2
3361 28 1 2 0 2
3361 15 1 4 0 3
3361 18 1 2 7 2
3381 2 1 2 26 2
3381 5 1 1 10 1
3381 12 1 1 5 1
3381 3 1 1 14 1
3381 17 1 1 12 1
3381 14 1 1 11 1
3381 22 1 1 11 1
3381 10 1 4 38 3
3381 29 1 2 0 2
3381 21 1 8 3 6
3381 1 1 1 0 1
3381 7 1 1 12 1
3381 25 1 1 12 1
3381 16 1 1 15 1
3381 4 1 4 0 3
3381 24 1 2 0 2
3381 23 1 1 23 1
3381 26 1 1 0 1
3381 9 1 12 7 9
3381 13 1 4 6 3
3381 20 1 8 6 6
3381 6 1 2 24 2
3381 11 1 8 2 6
3381 27 1 1 0 1
3381 19 1 10 0 7
3381 8 1 2 38 2
3381 30 1 1 0 1
3381 28 1 2 0 2
3381 15 1 2 0 2
3381 18 1 2 7 2
3401 30 1 1 0 1
3401 27 1 8 0 6
3401 26 1 5 0 4
3401 23 1 1 23 1
3401 16 1 1 15 1
3401 25 1 1 12 1
3401 7 1 1 12 1
3401 1 1 1 0 1
3401 22 1 1 11 1
3401 14 1 1 11 1
3401 17 1 1 12 1
3401 3 1 1 14 1
3401 12 1 1 5 1
3401 5 1 1 10 1
3401 2 1 1 26 1
3401 10 1 2 38 2
3401 29 1 2 0 2
3401 21 1 1 3 1
3401 4 1 4 0 3
3401 24 1 2 0 2
3401 9 1 11 7 8
3401 13 1 5 6 4
3401 20 1 1 6 1
3401 6 1 1 24 1
3401 11 1 2 2 2
3401 19 1 5 0 4
3401 8 1 2 38 2
3401 28 1 1 0 1
3401 15 1 1 0 1
3401 18 1 1 7 1
3421 18 1 10 7 7
3421 15 1 12 0 9
3421 28 1 21 0 15
3421 6 1 7 24 5
3421 20 1 24 6 17
3421 21 1 17 3 12
3421 2 1 4 26 3
3421 5 1 4 10 3
3421 12 1 11 5 8
3421 3 1 2 14 2
3421 17 1 1 12 1
3421 14 1 10 11 7
3421 22 1 10 11 7
3421 23 1 24 23 17
3421 30 1 24 0 17
3421 27 1 18 0 13
3421 26 1 17 0 12
3421 10 1 17 38 12
3421 29 1 18 0 13
3421 9 1 22 7 16
3421 13 1 14 6 10
3421 11 1 24 2 17
3421 19 1 20 0 14
3421 8 1 20 38 14
3421 24 1 4 0 3
3421 4 1 21 0 15
3421 16 1 2 15 2
3421 25 1 11 12 8
3421 7 1 10 12 7
3421 1 1 25 0 18
3441 17 1 1 12 1
3441 18 1 2 7 2
3441 15 1 1 0 1
3441 28 1 1 0 1
3441 6 1 4 24 3
3441 20 1 2 6 2
3441 21 1 1 3 1
3441 2 1 2 26 2
3441 5 1 1 10 1
3441 12 1 1 5 1
3441 3 1 1 14 1
3441 14 1 1 11 1
3441 22 1 1 11 1
3441 23 1 5 23 4
3441 30 1 2 0 2
3441 27 1 11 0 8
3441 26 1 15 0 11
3441 10 1 4 38 3
3441 29 1 1 0 1
3441 9 1 10 7 7
3441 13 1 8 6 6
3441 11 1 7 2 5
3441 19 1 17 0 12
3441 8 1 1 38 1
3441 24 1 2 0 2
3441 4 1 4 0 3
3441 16 1 1 15 1
3441 25 1 1 12 1
3441 7 1 1 12 1
3441 1 1 1 0 1
3461 1 1 1 0 1
3461 7 1 1 12 1
3461 25 1 1 12 1
3461 16 1 1 15 1
3461 8 1 1 38 1
3461 29 1 1 0 1
3461 22 1 1 11 1
3461 14 1 1 11 1
3461 3 1 1 14 1
3461 12 1 1 5 1
3461 5 1 1 10 1
3461 21 1 10 3 7
3461 28 1 1 0 1
3461 15 1 4 0 3
3461 17 1 1 12 1
3461 18 1 1 7 1
3461 6 1 1 24 1
3461 20 1 2 6 2
3461 2 1 1 26 1
3461 23 1 1 23 1
3461 30 1 1 0 1
3461 27 1 5 0 4
3461 26 1 1 0 1
3461 10 1 2 38 2
3461 9 1 5 7 4
3461 13 1 14 6 10
3461 11 1 5 2 4
3461 19 1 15 0 11
3461 24 1 1 0 1
3461 4 1 2 0 2
3481 24 1 20 0 14
3481 16 1 12 15 9
3481 25 1 21 12 15
3481 7 1 25 12 18
3481 1 1 24 0 17
3481 4 1 21 0 15
3481 19 1 25 0 18
3481 11 1 20 2 14
3481 13 1 22 6 16
3481 9 1 27 7 19
3481 10 1 14 38 10
3481 27 1 20 0 14
3481 20 1 17 6 12
3481 15 1 15 0 11
3481 21 1 15 3 11
3481 8 1 5 38 4
3481 29 1 4 0 3
3481 22 1 2 11 2
3481 14 1 12 11 9
3481 3 1 5 14 4
3481 12 1 22 5 16
3481 5 1 15 10 11
3481 28 1 25 0 18
3481 17 1 10 12 7
3481 18 1 27 7 19
3481 6 1 21 24 15
3481 2 1 2 26 2
3481 23 1 15 23 11
3481 30 1 2 0 2
3481 26 1 27 0 19
3501 24 1 4 0 3
3501 16 1 22 15 16
3501 25 1 21 12 15
3501 7 1 27 12 19
3501 1 1 21 0 15
3501 4 1 22 0 16
3501 19 1 21 0 15
3501 11 1 20 2 14
3501 13 1 25 6 18
3501 9 1 21 7 15
3501 10 1 21 38 15
3501 27 1 18 0 13
3501 20 1 10 6 7
3501 15 1 17 0 12
3501 21 1 25 3 18
3501 8 1 10 38 7
3501 29 1 4 0 3
3501 22 1 24 11 17
3501 14 1 18 11 13
3501 3 1 27 14 19
3501 12 1 5 5 4
3501 5 1 4 10 3
3501 28 1 11 0 8
3501 17 1 14 12 10
3501 18 1 17 7 12
3501 6 1 25 24 18
3501 2 1 7 26 5
3501 23 1 22 23 16
3501 30 1 2 0 2
3501 26 1 22 0 16
3521 24 1 15 0 11
3521 16 1 4 15 3
3521 25 1 20 12 14
3521 7 1 17 12 12
3521 1 1 2 0 2
3521 4 1 12 0 9
3521 19 1 20 0 14
3521 11 1 15 2 11
3521 13 1 24 6 17
3521 9 1 25 7 18
3521 10 1 25 38 18
3521 27 1 18 0 13
3521 20 1 18 6 13
3521 15 1 17 0 12
3521 21 1 21 3 15
3521 8 1 28 38 20
3521 29 1 27 0 19
3521 22 1 12 11 9
3521 14 1 12 11 9
3521 3 1 8 14 6
3521 12 1 1 5 1
3521 5 1 15 10 11
3521 28 1 10 0 7
3521 17 1 14 12 10
3521 18 1 4 7 3
3521 6 1 25 24 18
3521 2 1 20 26 14
3521 23 1 15 23 11
3521 30 1 11 0 8
3521 26 1 17 0 12
3541 12 1 25 5 18
3541 19 1 18 0 13
3541 11 1 27 2 19
3541 13 1 22 6 16
3541 9 1 28 7 20
3541 10 1 15 38 11
3541 27 1 15 0 11
3541 20 1 8 6 6
3541 15 1 8 0 6
3541 21 1 28 3 20
3541 8 1 20 38 14
3541 29 1 15 0 11
3541 22 1 4 11 3
3541 14 1 12 11 9
3541 3 1 17 14 12
3541 5 1 17 10 12
3541 28 1 21 0 15
3541 17 1 4 12 3
3541 18 1 15 7 11
3541 6 1 24 24 17
3541 2 1 12 26 9
3541 23 1 17 23 12
3541 30 1 2 0 2
3541 26 1 28 0 20
3541 4 1 22 0 16
3541 1 1 1 0 1
3541 7 1 5 12 4
3541 25 1 5 12 4
3541 16 1 12 15 9
3541 24 1 14 0 10
3561 1 1 14 0 10
3561 12 1 4 5 3
3561 19 1 20 0 14
3561 11 1 25 2 18
3561 13 1 18 6 13
3561 9 1 15 7 11
3561 10 1 24 38 17
3561 27 1 27 0 19
3561 20 1 12 6 9
3561 15 1 20 0 14
3561 21 1 27 3 19
3561 8 1 4 38 3
3561 29 1 7 0 5
3561 22 1 15 11 11
3561 14 1 5 11 4
3561 3 1 2 14 2
3561 5 1 18 10 13
3561 28 1 27 0 19
3561 17 1 8 12 6
3561 18 1 22 7 16
3561 6 1 21 24 15
3561 2 1 20 26 14
3561 23 1 24 23 17
3561 30 1 22 0 16
3561 26 1 17 0 12
3561 4 1 21 0 15
3561 7 1 2 12 2
3561 25 1 5 12 4
3561 16 1 25 15 18
3561 24 1 15 0 11
3581 1 1 1 0 1
3581 12 1 1 5 1
3581 19 1 18 0 13
3581 11 1 4 2 3
3581 13 1 12 6 9
3581 9 1 10 7 7
3581 10 1 1 38 1
3581 27 1 1 0 1
3581 20 1 4 6 3
3581 15 1 1 0 1
3581 21 1 10 3 7
3581 8 1 2 38 2
3581 29 1 4 0 3
3581 22 1 1 11 1
3581 14 1 1 11 1
3581 3 1 1 14 1
3581 5 1 1 10 1
3581 28 1 1 0 1
3581 17 1 1 12 1
3581 18 1 2 7 2
3581 6 1 4 24 3
3581 2 1 1 26 1
3581 23 1 5 23 4
3581 30 1 1 0 1
3581 26 1 2 0 2
3581 4 1 2 0 2
3581 7 1 1 12 1
3581 25 1 1 12 1
3581 16 1 1 15 1
3581 24 1 2 0 2
