IT_NO ID REVENUES INTERESTS_ACCRUED TOTAL_COSTS TOTAL_WRITEOFFS INTERESTS_PAID NET_EARNINGS RETAINED_EARNINGS TOTAL_DIVIDENDS
1 157 0.000000 0.000000 22320.967000 0.000000 22320.967000 -22320.967000 0.000000 0.000000
1 156 0.000000 0.000000 20957.686000 0.000000 20957.686000 -20957.686000 0.000000 0.000000
61 157 11248.463889 11248.463889 38866.279416 33766.162831 5100.116585 -27617.815527 0.000000 0.000000
61 156 10562.024401 10562.024401 37565.578314 32776.655051 4788.923263 -27003.553913 0.000000 0.000000
121 157 6419.438490 6419.438490 198480.439413 193477.840205 5002.599208 -192061.000923 0.000000 0.000000
121 156 6036.152748 6036.152748 180584.145291 175850.663684 4733.481607 -174547.992544 0.000000 0.000000
181 157 5451.813033 5451.813033 147740.509326 142845.536684 4894.972643 -142288.696293 0.000000 0.000000
181 156 5100.277497 5100.277497 149978.121980 145350.517454 4627.604526 -144877.844482 0.000000 0.000000
241 157 4910.420574 4910.420574 78365.055632 73580.055259 4785.000373 -73454.635058 0.000000 0.000000
241 156 4589.787964 4589.787964 72530.518137 68003.011958 4527.506179 -67940.730172 0.000000 0.000000
301 157 4587.218929 4587.218929 39240.739116 34563.887719 4676.851397 -34653.520187 0.000000 0.000000
301 156 4275.810409 4275.810409 43182.887936 38755.845027 4427.042909 -38907.077527 0.000000 0.000000
361 157 4368.207556 4368.207556 58943.484429 54372.730593 4570.753836 -54575.276874 0.000000 0.000000
361 156 4061.585369 4061.585369 57447.068520 53115.831258 4331.237262 -53385.483151 0.000000 0.000000
421 157 3815.365744 3815.365744 256266.455323 211415.002417 44851.452907 -252451.089580 0.000000 0.000000
421 156 3552.685367 3552.685367 235338.725172 192803.381979 42535.343193 -231786.039805 0.000000 0.000000
481 157 4900.738375 4900.738375 405503.451498 359812.896202 45690.555296 -400602.713124 0.000000 0.000000
481 156 4652.427413 4652.427413 373074.222025 329687.858218 43386.363807 -368421.794612 0.000000 0.000000
541 157 1189.436344 1189.436344 70095.276094 24240.054244 45855.221851 -68905.839751 0.000000 0.000000
541 156 1240.600387 1240.600387 67856.996265 24318.702394 43538.293871 -66616.395878 0.000000 0.000000
601 157 863.143696 863.143696 47281.264377 1523.102087 45758.162290 -46418.120681 0.000000 0.000000
601 156 895.366644 895.366644 46059.036096 2567.651412 43491.384684 -45163.669452 0.000000 0.000000
661 157 830.623601 830.623601 46518.129278 868.646160 45649.483118 -45687.505678 0.000000 0.000000
661 156 852.407552 852.407552 44790.591748 1365.830458 43424.761290 -43938.184196 0.000000 0.000000
721 157 810.681500 810.681500 46400.630693 868.378260 45532.252433 -45589.949193 0.000000 0.000000
721 156 827.746708 827.746708 44592.579765 1240.116710 43352.463055 -43764.833057 0.000000 0.000000
781 157 798.763865 798.763865 17253.478098 0.000000 17253.478098 -16454.714233 0.000000 0.000000
781 156 803.538308 803.538308 16899.474883 453.965094 16445.509789 -16095.936575 0.000000 0.000000
841 157 416.933514 416.933514 5071.584145 684.104566 4387.479578 -4654.650630 0.000000 0.000000
841 156 415.569166 415.569166 4625.950513 439.306550 4186.643963 -4210.381347 0.000000 0.000000
901 157 241.557906 241.557906 4578.795680 412.078741 4166.716939 -4337.237774 0.000000 0.000000
901 156 242.725800 242.725800 4392.810891 411.726662 3981.084229 -4150.085091 0.000000 0.000000
961 157 237.249678 237.249678 6034.014619 2091.124992 3942.889627 -5796.764941 0.000000 0.000000
961 156 238.089743 238.089743 6274.526088 2501.176193 3773.349894 -6036.436344 0.000000 0.000000
1021 157 203.505581 203.505581 8143.175342 4426.577125 3716.598218 -7939.669761 0.000000 0.000000
1021 156 206.242896 206.242896 6720.060178 3152.669019 3567.391160 -6513.817283 0.000000 0.000000
1081 157 182.431867 182.431867 3492.917956 0.000000 3492.917956 -3310.486089 0.000000 0.000000
1081 156 187.753290 187.753290 3763.459447 406.541857 3356.917590 -3575.706157 0.000000 0.000000
1141 157 182.009171 182.009171 3265.026871 0.000000 3265.026871 -3083.017700 0.000000 0.000000
1141 156 185.079159 185.079159 3404.520883 256.674610 3147.846273 -3219.441724 0.000000 0.000000
1201 157 181.583833 181.583833 3038.202752 0.000000 3038.202752 -2856.618919 0.000000 0.000000
1201 156 183.575274 183.575274 2936.064857 0.000000 2936.064857 -2752.489583 0.000000 0.000000
1261 157 181.155837 181.155837 2809.186713 0.000000 2809.186713 -2628.030875 0.000000 0.000000
1261 156 183.770517 183.770517 2723.943826 0.000000 2723.943826 -2540.173309 0.000000 0.000000
1321 157 181.649390 181.649390 2578.341056 0.000000 2578.341056 -2396.691666 0.000000 0.000000
1321 156 183.333877 183.333877 2511.245697 0.000000 2511.245697 -2327.911820 0.000000 0.000000
1381 157 181.181561 181.181561 2349.374668 0.000000 2349.374668 -2168.193107 0.000000 0.000000
1381 156 182.894508 182.894508 2294.330429 0.000000 2294.330429 -2111.435921 0.000000 0.000000
1441 157 180.750116 180.750116 2116.011421 0.000000 2116.011421 -1935.261305 0.000000 0.000000
1441 156 181.955830 181.955830 2078.265606 0.000000 2078.265606 -1896.309776 0.000000 0.000000
1501 157 180.315974 180.315974 1883.467648 0.000000 1883.467648 -1703.151674 0.000000 0.000000
1501 156 180.524806 180.524806 1859.734168 0.000000 1859.734168 -1679.209361 0.000000 0.000000
1561 157 180.016395 180.016395 1650.115504 0.000000 1650.115504 -1470.099109 0.000000 0.000000
1561 156 180.084174 180.084174 1639.994619 0.000000 1639.994619 -1459.910445 0.000000 0.000000
1621 157 178.273732 178.273732 1413.508436 0.000000 1413.508436 -1235.234704 0.000000 0.000000
1621 156 180.572769 180.572769 1422.680283 0.000000 1422.680283 -1242.107514 0.000000 0.000000
1681 157 177.819709 177.819709 1176.527875 0.000000 1176.527875 -998.708166 0.000000 0.000000
1681 156 179.478637 179.478637 1202.089026 0.000000 1202.089026 -1022.610389 0.000000 0.000000
1741 157 177.386542 177.386542 938.948976 0.000000 938.948976 -761.562434 0.000000 0.000000
1741 156 178.694072 178.694072 980.639314 0.000000 980.639314 -801.945242 0.000000 0.000000
1801 157 176.615080 176.615080 700.273259 0.000000 700.273259 -523.658179 0.000000 0.000000
1801 156 177.608752 177.608752 757.339607 0.000000 757.339607 -579.730855 0.000000 0.000000
1861 157 176.181314 176.181314 459.622515 0.000000 459.622515 -283.441201 0.000000 0.000000
1861 156 176.516331 176.516331 534.426939 0.000000 534.426939 -357.910608 0.000000 0.000000
1921 157 175.744837 175.744837 217.451450 0.000000 217.451450 -41.706613 0.000000 0.000000
1921 156 175.760009 175.760009 309.274734 0.000000 309.274734 -133.514726 0.000000 0.000000
1981 157 175.301354 175.301354 0.000000 0.000000 0.000000 175.301354 0.000000 0.000000
1981 156 172.918868 172.918868 83.304968 0.000000 83.304968 89.613900 0.000000 0.000000
2041 157 172.657108 172.657108 0.000000 0.000000 0.000000 172.657108 175.301354 0.000000
2041 156 167.080058 167.080058 0.000000 0.000000 0.000000 167.080058 89.613900 0.000000
2101 157 170.662409 170.662409 0.000000 0.000000 0.000000 170.662409 172.657108 0.000000
2101 156 161.739656 161.739656 0.000000 0.000000 0.000000 161.739656 167.080058 0.000000
2161 157 168.994426 168.994426 0.000000 0.000000 0.000000 168.994426 170.662409 0.000000
2161 156 158.163075 158.163075 0.000000 0.000000 0.000000 158.163075 161.739656 0.000000
2221 157 167.027091 167.027091 0.000000 0.000000 0.000000 167.027091 168.994426 0.000000
2221 156 156.376123 156.376123 0.000000 0.000000 0.000000 156.376123 158.163075 0.000000
2281 157 163.069278 163.069278 0.000000 0.000000 0.000000 163.069278 167.027091 0.000000
2281 156 151.954768 151.954768 0.000000 0.000000 0.000000 151.954768 156.376123 0.000000
2341 157 155.236876 155.236876 0.000000 0.000000 0.000000 155.236876 163.069278 0.000000
2341 156 150.081210 150.081210 0.000000 0.000000 0.000000 150.081210 151.954768 0.000000
2401 157 150.001259 150.001259 0.000000 0.000000 0.000000 150.001259 155.236876 0.000000
2401 156 143.723256 143.723256 0.000000 0.000000 0.000000 143.723256 150.081210 0.000000
2461 157 141.026975 141.026975 0.000000 0.000000 0.000000 141.026975 150.001259 0.000000
2461 156 140.616204 140.616204 0.000000 0.000000 0.000000 140.616204 143.723256 0.000000
2521 157 135.716972 135.716972 0.000000 0.000000 0.000000 135.716972 141.026975 0.000000
2521 156 135.352364 135.352364 0.000000 0.000000 0.000000 135.352364 140.616204 0.000000
2581 157 130.912997 130.912997 0.000000 0.000000 0.000000 130.912997 135.716972 0.000000
2581 156 129.644007 129.644007 0.000000 0.000000 0.000000 129.644007 135.352364 0.000000
2641 157 127.949153 127.949153 0.000000 0.000000 0.000000 127.949153 130.912997 0.000000
2641 156 126.258141 126.258141 0.000000 0.000000 0.000000 126.258141 129.644007 0.000000
2701 157 125.510244 125.510244 0.000000 0.000000 0.000000 125.510244 127.949153 0.000000
2701 156 123.451206 123.451206 0.000000 0.000000 0.000000 123.451206 126.258141 0.000000
2761 157 123.464021 123.464021 0.000000 0.000000 0.000000 123.464021 125.510244 0.000000
2761 156 118.537472 118.537472 0.000000 0.000000 0.000000 118.537472 123.451206 0.000000
2821 157 119.608644 119.608644 0.000000 0.000000 0.000000 119.608644 123.464021 0.000000
2821 156 112.873384 112.873384 0.000000 0.000000 0.000000 112.873384 118.537472 0.000000
2881 157 117.615159 117.615159 0.000000 0.000000 0.000000 117.615159 119.608644 0.000000
2881 156 107.614622 107.614622 0.000000 0.000000 0.000000 107.614622 112.873384 0.000000
2941 157 115.643875 115.643875 0.000000 0.000000 0.000000 115.643875 117.615159 0.000000
2941 156 103.455924 103.455924 0.000000 0.000000 0.000000 103.455924 107.614622 0.000000
3001 157 111.297822 111.297822 0.000000 0.000000 0.000000 111.297822 115.643875 0.000000
3001 156 100.376350 100.376350 0.000000 0.000000 0.000000 100.376350 103.455924 0.000000
3061 157 103.432199 103.432199 0.000000 0.000000 0.000000 103.432199 111.297822 0.000000
3061 156 97.333936 97.333936 0.000000 0.000000 0.000000 97.333936 100.376350 0.000000
3121 157 98.622986 98.622986 0.000000 0.000000 0.000000 98.622986 103.432199 0.000000
3121 156 96.694961 96.694961 0.000000 0.000000 0.000000 96.694961 97.333936 0.000000
3181 157 96.224835 96.224835 0.000000 0.000000 0.000000 96.224835 98.622986 0.000000
3181 156 96.650854 96.650854 0.000000 0.000000 0.000000 96.650854 96.694961 0.000000
3241 157 95.607955 95.607955 0.000000 0.000000 0.000000 95.607955 96.224835 0.000000
3241 156 95.859436 95.859436 0.000000 0.000000 0.000000 95.859436 96.650854 0.000000
3301 157 95.578182 95.578182 0.000000 0.000000 0.000000 95.578182 95.607955 0.000000
3301 156 92.109371 92.109371 0.000000 0.000000 0.000000 92.109371 95.859436 0.000000
3361 157 95.548222 95.548222 0.000000 0.000000 0.000000 95.548222 95.578182 0.000000
3361 156 92.094391 92.094391 0.000000 0.000000 0.000000 92.094391 92.109371 0.000000
3421 157 95.518075 95.518075 0.000000 0.000000 0.000000 95.518075 95.548222 0.000000
3421 156 92.079318 92.079318 0.000000 0.000000 0.000000 92.079318 92.094391 0.000000
3481 157 95.487740 95.487740 0.000000 0.000000 0.000000 95.487740 95.518075 0.000000
3481 156 92.064150 92.064150 0.000000 0.000000 0.000000 92.064150 92.079318 0.000000
3541 157 95.457215 95.457215 0.000000 0.000000 0.000000 95.457215 95.487740 0.000000
3541 156 92.048888 92.048888 0.000000 0.000000 0.000000 92.048888 92.064150 0.000000
