IT_NO TRANSACTION_QUANTITY AVG_GOODS_PRICE
5 2581656 0.002842
10 2588856 0.002842
15 2583025 0.002842
20 3172794 0.002842
25 1778267 0.003814
30 1782378 0.003809
35 1704344 0.003983
40 1833317 0.004494
45 1476864 0.004316
50 1458929 0.004323
55 1442974 0.004371
60 1468994 0.004396
65 1465587 0.003965
70 1467911 0.003964
75 1464822 0.003972
80 1456231 0.003995
85 1582849 0.003662
90 1581806 0.003669
95 1568698 0.003699
100 1563712 0.003711
105 1578964 0.003685
110 1580283 0.003687
115 1576685 0.003695
120 1557468 0.003740
125 1596503 0.003653
130 1595992 0.003658
135 1574101 0.003710
140 1544386 0.003781
145 1327466 0.004217
150 1336527 0.004195
155 1330599 0.004213
160 1312017 0.004273
165 1271473 0.004264
170 1280862 0.004240
175 1274422 0.004262
180 1268846 0.004280
185 1288145 0.004105
190 1295080 0.004090
195 1287375 0.004115
200 1268672 0.004175
205 1271696 0.004186
210 1282678 0.004158
215 1282162 0.004159
220 1270837 0.004196
225 1281207 0.004222
230 1289072 0.004204
235 1282182 0.004226
240 1264196 0.004285
245 1262031 0.004324
250 1276843 0.004282
255 1268090 0.004311
260 1260452 0.004337
265 1232436 0.004476
270 1248484 0.004429
275 1238794 0.004463
280 1235149 0.004476
285 1220397 0.004579
290 1236739 0.004527
295 1232416 0.004543
300 1218469 0.004595
305 1229508 0.004595
310 1245547 0.004544
315 1236091 0.004578
320 1214466 0.004659
325 1147061 0.004939
330 1159433 0.004896
335 1152963 0.004923
340 1141260 0.004973
345 1134285 0.005012
350 1148581 0.004962
355 1145782 0.004973
360 1140955 0.004995
365 1122130 0.005082
370 1170017 0.004886
375 1160559 0.004925
380 89014 0.005409
385 885944 0.006094
390 976813 0.005550
395 976993 0.005548
400 291250 0.005616
405 832859 0.006125
410 922358 0.005554
415 922694 0.005552
420 453089 0.005582
425 725054 0.006636
430 798211 0.006053
435 517735 0.006056
440 0 0.006056
445 620813 0.007047
450 728324 0.006033
455 691863 0.006072
460 0 0.006072
465 566990 0.007144
470 675058 0.006031
475 669804 0.006070
480 129148 0.006059
485 277000 0.008260
490 0 0.008260
495 0 0.008260
500 0 0.008260
505 277000 0.009360
510 0 0.009360
515 0 0.009360
520 0 0.009360
525 277000 0.009360
530 0 0.009360
535 0 0.009360
540 0 0.009360
545 277000 0.009360
550 0 0.009360
555 0 0.009360
560 0 0.009360
565 277000 0.009360
570 0 0.009360
575 0 0.009360
580 0 0.009360
585 277000 0.009360
590 0 0.009360
595 0 0.009360
600 0 0.009360
605 277000 0.009360
610 0 0.009360
615 0 0.009360
620 0 0.009360
625 277000 0.009360
630 0 0.009360
635 0 0.009360
640 0 0.009360
645 277000 0.009360
650 0 0.009360
655 0 0.009360
660 0 0.009360
665 277000 0.009360
670 0 0.009360
675 0 0.009360
680 0 0.009360
685 277000 0.009360
690 0 0.009360
695 0 0.009360
700 0 0.009360
705 277000 0.009360
710 0 0.009360
715 0 0.009360
720 0 0.009360
725 277000 0.009360
730 0 0.009360
735 0 0.009360
740 0 0.009360
745 277000 0.009360
750 0 0.009360
755 0 0.009360
760 0 0.009360
765 277000 0.009360
770 0 0.009360
775 0 0.009360
780 0 0.009360
785 277000 0.006465
790 0 0.006465
795 0 0.006465
800 0 0.006465
805 277000 0.006465
810 0 0.006465
815 0 0.006465
820 0 0.006465
825 277000 0.006465
830 0 0.006465
835 0 0.006465
840 0 0.006465
845 277000 0.006465
850 0 0.006465
855 0 0.006465
860 0 0.006465
865 277000 0.006465
870 0 0.006465
875 0 0.006465
880 0 0.006465
885 277000 0.006465
890 0 0.006465
895 0 0.006465
900 0 0.006465
905 277000 0.006465
910 0 0.006465
915 0 0.006465
920 0 0.006465
925 277000 0.006465
930 0 0.006465
935 0 0.006465
940 0 0.006465
945 277000 0.006465
950 0 0.006465
955 0 0.006465
960 0 0.006465
965 277000 0.006465
970 0 0.006465
975 0 0.006465
980 0 0.006465
985 277000 0.006465
990 0 0.006465
995 0 0.006465
1000 0 0.006465
1005 277000 0.006465
1010 0 0.006465
1015 0 0.006465
1020 0 0.006465
1025 277000 0.006465
1030 0 0.006465
1035 0 0.006465
1040 0 0.006465
1045 277000 0.006465
1050 0 0.006465
1055 0 0.006465
1060 0 0.006465
1065 277000 0.006465
1070 0 0.006465
1075 0 0.006465
1080 0 0.006465
1085 277000 0.006465
1090 0 0.006465
1095 0 0.006465
1100 0 0.006465
1105 277000 0.006465
1110 0 0.006465
1115 0 0.006465
1120 0 0.006465
1125 277000 0.006465
1130 0 0.006465
1135 0 0.006465
1140 0 0.006465
1145 277000 0.006465
1150 0 0.006465
1155 0 0.006465
1160 0 0.006465
1165 277000 0.006465
1170 0 0.006465
1175 0 0.006465
1180 0 0.006465
1185 277000 0.006465
1190 0 0.006465
1195 0 0.006465
1200 0 0.006465
1205 277000 0.006465
1210 0 0.006465
1215 0 0.006465
1220 0 0.006465
1225 277000 0.006465
1230 0 0.006465
1235 0 0.006465
1240 0 0.006465
1245 277000 0.006465
1250 0 0.006465
1255 0 0.006465
1260 0 0.006465
1265 277000 0.006465
1270 0 0.006465
1275 0 0.006465
1280 0 0.006465
1285 277000 0.006465
1290 0 0.006465
1295 0 0.006465
1300 0 0.006465
1305 277000 0.006465
1310 0 0.006465
1315 0 0.006465
1320 0 0.006465
1325 277000 0.006465
1330 0 0.006465
1335 0 0.006465
1340 0 0.006465
1345 277000 0.006465
1350 0 0.006465
1355 0 0.006465
1360 0 0.006465
1365 277000 0.006465
1370 0 0.006465
1375 0 0.006465
1380 0 0.006465
1385 277000 0.006465
1390 0 0.006465
1395 0 0.006465
1400 0 0.006465
1405 277000 0.006465
1410 0 0.006465
1415 0 0.006465
1420 0 0.006465
1425 277000 0.006465
1430 0 0.006465
1435 0 0.006465
1440 0 0.006465
1445 277000 0.006465
1450 0 0.006465
1455 0 0.006465
1460 0 0.006465
1465 277000 0.006465
1470 0 0.006465
1475 0 0.006465
1480 0 0.006465
1485 277000 0.006465
1490 0 0.006465
1495 0 0.006465
1500 0 0.006465
1505 277000 0.006465
1510 0 0.006465
1515 0 0.006465
1520 0 0.006465
1525 277000 0.006465
1530 0 0.006465
1535 0 0.006465
1540 0 0.006465
1545 277000 0.006465
1550 0 0.006465
1555 0 0.006465
1560 0 0.006465
1565 277000 0.006465
1570 0 0.006465
1575 0 0.006465
1580 0 0.006465
1585 277000 0.006465
1590 0 0.006465
1595 0 0.006465
1600 0 0.006465
1605 277000 0.006465
1610 0 0.006465
1615 0 0.006465
1620 0 0.006465
1625 277000 0.006465
1630 0 0.006465
1635 0 0.006465
1640 0 0.006465
1645 277000 0.006465
1650 0 0.006465
1655 0 0.006465
1660 0 0.006465
1665 277000 0.006465
1670 0 0.006465
1675 0 0.006465
1680 0 0.006465
1685 277000 0.006465
1690 0 0.006465
1695 0 0.006465
1700 0 0.006465
1705 277000 0.006465
1710 0 0.006465
1715 0 0.006465
1720 0 0.006465
1725 277000 0.006465
1730 0 0.006465
1735 0 0.006465
1740 0 0.006465
1745 277000 0.006465
1750 0 0.006465
1755 0 0.006465
1760 0 0.006465
1765 277000 0.006465
1770 0 0.006465
1775 0 0.006465
1780 0 0.006465
1785 277000 0.006465
1790 0 0.006465
1795 0 0.006465
1800 0 0.006465
1805 277000 0.006465
1810 0 0.006465
1815 0 0.006465
1820 0 0.006465
1825 277000 0.006465
1830 0 0.006465
1835 0 0.006465
1840 0 0.006465
1845 277000 0.006465
1850 0 0.006465
1855 0 0.006465
1860 0 0.006465
1865 277000 0.006465
1870 0 0.006465
1875 0 0.006465
1880 0 0.006465
1885 277000 0.006465
1890 0 0.006465
1895 0 0.006465
1900 0 0.006465
1905 277000 0.006465
1910 0 0.006465
1915 0 0.006465
1920 0 0.006465
1925 277000 0.006465
1930 0 0.006465
1935 0 0.006465
1940 0 0.006465
1945 277000 0.006465
1950 0 0.006465
1955 0 0.006465
1960 0 0.006465
1965 277000 0.006465
1970 0 0.006465
1975 0 0.006465
1980 0 0.006465
1985 277000 0.006465
1990 0 0.006465
1995 0 0.006465
2000 0 0.006465
2005 277000 0.006465
2010 0 0.006465
2015 0 0.006465
2020 0 0.006465
2025 277000 0.006465
2030 0 0.006465
2035 0 0.006465
2040 0 0.006465
2045 277000 0.006465
2050 0 0.006465
2055 0 0.006465
2060 0 0.006465
2065 277000 0.006465
2070 0 0.006465
2075 0 0.006465
2080 0 0.006465
2085 277000 0.006465
2090 0 0.006465
2095 0 0.006465
2100 0 0.006465
2105 277000 0.006465
2110 0 0.006465
2115 0 0.006465
2120 0 0.006465
2125 277000 0.006465
2130 0 0.006465
2135 0 0.006465
2140 0 0.006465
2145 277000 0.006465
2150 0 0.006465
2155 0 0.006465
2160 0 0.006465
2165 277000 0.006465
2170 0 0.006465
2175 0 0.006465
2180 0 0.006465
2185 277000 0.006465
2190 0 0.006465
2195 0 0.006465
2200 0 0.006465
2205 277000 0.006465
2210 0 0.006465
2215 0 0.006465
2220 0 0.006465
2225 277000 0.006465
2230 0 0.006465
2235 0 0.006465
2240 0 0.006465
2245 277000 0.006465
2250 0 0.006465
2255 0 0.006465
2260 0 0.006465
2265 277000 0.006465
2270 0 0.006465
2275 0 0.006465
2280 0 0.006465
2285 277000 0.006465
2290 0 0.006465
2295 0 0.006465
2300 0 0.006465
2305 277000 0.006465
2310 0 0.006465
2315 0 0.006465
2320 0 0.006465
2325 277000 0.006465
2330 0 0.006465
2335 0 0.006465
2340 0 0.006465
2345 277000 0.006465
2350 0 0.006465
2355 0 0.006465
2360 0 0.006465
2365 277000 0.006465
2370 0 0.006465
2375 0 0.006465
2380 0 0.006465
2385 277000 0.006465
2390 0 0.006465
2395 0 0.006465
2400 0 0.006465
2405 277000 0.006465
2410 0 0.006465
2415 0 0.006465
2420 0 0.006465
2425 277000 0.006465
2430 0 0.006465
2435 0 0.006465
2440 0 0.006465
2445 277000 0.006465
2450 0 0.006465
2455 0 0.006465
2460 0 0.006465
2465 277000 0.006465
2470 0 0.006465
2475 0 0.006465
2480 0 0.006465
2485 277000 0.006465
2490 0 0.006465
2495 0 0.006465
2500 0 0.006465
2505 277000 0.006465
2510 0 0.006465
2515 0 0.006465
2520 0 0.006465
2525 277000 0.006465
2530 0 0.006465
2535 0 0.006465
2540 0 0.006465
2545 277000 0.006465
2550 0 0.006465
2555 0 0.006465
2560 0 0.006465
2565 277000 0.006465
2570 0 0.006465
2575 0 0.006465
2580 0 0.006465
2585 277000 0.006465
2590 0 0.006465
2595 0 0.006465
2600 0 0.006465
2605 277000 0.006465
2610 0 0.006465
2615 0 0.006465
2620 0 0.006465
2625 277000 0.006465
2630 0 0.006465
2635 0 0.006465
2640 0 0.006465
2645 277000 0.006465
2650 0 0.006465
2655 0 0.006465
2660 0 0.006465
2665 277000 0.006465
2670 0 0.006465
2675 0 0.006465
2680 0 0.006465
2685 277000 0.006465
2690 0 0.006465
2695 0 0.006465
2700 0 0.006465
2705 277000 0.006465
2710 0 0.006465
2715 0 0.006465
2720 0 0.006465
2725 277000 0.006465
2730 0 0.006465
2735 0 0.006465
2740 0 0.006465
2745 277000 0.006465
2750 0 0.006465
2755 0 0.006465
2760 0 0.006465
2765 277000 0.006465
2770 0 0.006465
2775 0 0.006465
2780 0 0.006465
2785 277000 0.006465
2790 0 0.006465
2795 0 0.006465
2800 0 0.006465
2805 277000 0.006465
2810 0 0.006465
2815 0 0.006465
2820 0 0.006465
2825 277000 0.006465
2830 0 0.006465
2835 0 0.006465
2840 0 0.006465
2845 277000 0.006465
2850 0 0.006465
2855 0 0.006465
2860 0 0.006465
2865 277000 0.006465
2870 0 0.006465
2875 0 0.006465
2880 0 0.006465
2885 277000 0.006465
2890 0 0.006465
2895 0 0.006465
2900 0 0.006465
2905 277000 0.006465
2910 0 0.006465
2915 0 0.006465
2920 0 0.006465
2925 277000 0.006465
2930 0 0.006465
2935 0 0.006465
2940 0 0.006465
2945 277000 0.006465
2950 0 0.006465
2955 0 0.006465
2960 0 0.006465
2965 277000 0.006465
2970 0 0.006465
2975 0 0.006465
2980 0 0.006465
2985 277000 0.006465
2990 0 0.006465
2995 0 0.006465
3000 0 0.006465
3005 277000 0.006465
3010 0 0.006465
3015 0 0.006465
3020 0 0.006465
3025 277000 0.006465
3030 0 0.006465
3035 0 0.006465
3040 0 0.006465
3045 277000 0.006465
3050 0 0.006465
3055 0 0.006465
3060 0 0.006465
3065 277000 0.006465
3070 0 0.006465
3075 0 0.006465
3080 0 0.006465
3085 277000 0.006465
3090 0 0.006465
3095 0 0.006465
3100 0 0.006465
3105 277000 0.006465
3110 0 0.006465
3115 0 0.006465
3120 0 0.006465
3125 277000 0.006465
3130 0 0.006465
3135 0 0.006465
3140 0 0.006465
3145 277000 0.006465
3150 0 0.006465
3155 0 0.006465
3160 0 0.006465
3165 277000 0.006465
3170 0 0.006465
3175 0 0.006465
3180 0 0.006465
3185 277000 0.006465
3190 0 0.006465
3195 0 0.006465
3200 0 0.006465
3205 277000 0.006465
3210 0 0.006465
3215 0 0.006465
3220 0 0.006465
3225 277000 0.006465
3230 0 0.006465
3235 0 0.006465
3240 0 0.006465
3245 277000 0.006465
3250 0 0.006465
3255 0 0.006465
3260 0 0.006465
3265 277000 0.006465
3270 0 0.006465
3275 0 0.006465
3280 0 0.006465
3285 277000 0.006465
3290 0 0.006465
3295 0 0.006465
3300 0 0.006465
3305 277000 0.006465
3310 0 0.006465
3315 0 0.006465
3320 0 0.006465
3325 277000 0.006465
3330 0 0.006465
3335 0 0.006465
3340 0 0.006465
3345 277000 0.006465
3350 0 0.006465
3355 0 0.006465
3360 0 0.006465
3365 277000 0.006465
3370 0 0.006465
3375 0 0.006465
3380 0 0.006465
3385 277000 0.006465
3390 0 0.006465
3395 0 0.006465
3400 0 0.006465
3405 277000 0.006465
3410 0 0.006465
3415 0 0.006465
3420 0 0.006465
3425 277000 0.006465
3430 0 0.006465
3435 0 0.006465
3440 0 0.006465
3445 277000 0.006465
3450 0 0.006465
3455 0 0.006465
3460 0 0.006465
3465 277000 0.006465
3470 0 0.006465
3475 0 0.006465
3480 0 0.006465
3485 277000 0.006465
3490 0 0.006465
3495 0 0.006465
3500 0 0.006465
3505 277000 0.006465
3510 0 0.006465
3515 0 0.006465
3520 0 0.006465
3525 277000 0.006465
3530 0 0.006465
3535 0 0.006465
3540 0 0.006465
3545 277000 0.006465
3550 0 0.006465
3555 0 0.006465
3560 0 0.006465
3565 277000 0.006465
3570 0 0.006465
3575 0 0.006465
3580 0 0.006465
3585 277000 0.006465
3590 0 0.006465
3595 0 0.006465
3600 0 0.006465
