IT_NO ID NO_EMPLOYEES EMPLOYEES_NEEDED INVENTORY PRODUCTION_PLAN
1 1 20 25 2 18
1 2 20 28 2 20
1 3 20 24 2 17
1 4 20 25 2 18
1 5 20 14 2 10
1 6 20 25 2 18
1 7 20 15 2 11
1 8 20 22 2 16
1 9 20 22 2 16
1 10 20 22 2 16
1 11 20 27 2 19
1 12 20 12 2 9
1 13 20 17 2 12
1 14 20 25 2 18
1 15 20 14 2 10
1 16 20 24 2 17
1 17 20 18 2 13
1 18 20 20 2 14
1 19 20 22 2 16
1 20 20 25 2 18
1 21 20 28 2 20
1 22 20 20 2 14
1 23 20 27 2 19
1 24 20 20 2 14
1 25 20 28 2 20
1 26 20 15 2 11
1 27 20 25 2 18
1 28 20 18 2 13
1 29 20 27 2 19
1 30 20 17 2 12
21 30 17 27 4 19
21 28 18 22 3 16
21 26 15 22 3 16
21 17 18 28 3 20
21 15 14 15 4 11
21 13 17 27 3 19
21 12 12 11 3 8
21 7 15 17 4 12
21 5 14 11 3 8
21 24 20 24 3 17
21 22 20 22 3 16
21 18 20 25 2 18
21 1 20 22 3 16
21 2 20 21 4 15
21 3 20 14 4 10
21 4 20 25 3 18
21 6 20 20 2 14
21 8 20 21 4 15
21 9 20 24 4 17
21 10 20 22 4 16
21 11 20 27 0 19
21 14 20 11 2 8
21 16 20 12 2 9
21 19 20 21 1 15
21 20 20 20 2 14
21 21 20 18 2 13
21 23 20 17 2 12
21 25 20 18 2 13
21 27 20 15 1 11
21 29 20 27 1 19
41 27 15 12 2 9
41 25 18 11 4 8
41 23 17 4 2 3
41 21 18 14 4 10
41 16 12 11 3 8
41 14 11 5 3 4
41 3 14 2 4 2
41 5 11 7 4 5
41 12 11 7 3 5
41 20 20 4 4 3
41 6 20 4 4 3
41 30 17 11 4 8
41 28 18 8 4 6
41 26 15 5 4 4
41 17 18 1 5 1
41 15 14 4 4 3
41 13 17 8 5 6
41 7 15 10 6 7
41 24 20 10 4 7
41 22 20 4 5 3
41 18 20 11 4 8
41 1 20 17 5 12
41 2 20 7 4 5
41 4 20 12 3 9
41 8 20 7 2 5
41 9 20 8 2 6
41 10 20 5 2 4
41 11 20 15 2 11
41 19 20 11 2 8
41 29 20 8 2 6
61 3 2 4 5 3
61 5 7 8 5 6
61 12 7 1 4 1
61 28 8 7 4 5
61 17 1 12 5 9
61 15 4 11 5 8
61 13 8 7 5 5
61 22 4 1 5 1
61 18 11 2 5 2
61 1 17 7 6 5
61 2 7 2 4 2
61 4 12 5 4 4
61 11 15 14 3 10
61 10 5 10 3 7
61 9 8 8 3 6
61 8 7 4 3 3
61 16 11 2 1 2
61 21 14 14 1 10
61 23 4 7 1 5
61 25 11 1 1 1
61 27 12 10 0 7
61 14 5 2 3 2
61 20 4 7 5 5
61 6 4 8 5 6
61 30 11 7 4 5
61 26 5 4 5 3
61 7 10 11 6 8
61 24 10 2 5 2
61 29 8 1 0 6
61 19 11 1 0 8
81 19 1 24 0 17
81 29 1 22 0 16
81 24 2 11 5 8
81 26 4 27 5 19
81 30 7 21 5 15
81 14 2 22 4 16
81 27 10 22 1 16
81 25 1 24 1 17
81 16 2 8 2 6
81 8 4 28 4 20
81 11 14 27 4 19
81 4 5 17 5 12
81 2 2 24 5 17
81 1 7 21 7 15
81 18 2 20 6 14
81 22 1 14 5 10
81 13 7 14 6 10
81 28 7 12 5 9
81 12 1 21 4 15
81 21 14 25 2 18
81 9 8 24 4 17
81 3 2 27 5 19
81 5 7 10 5 7
81 17 1 21 5 15
81 15 4 15 6 11
81 10 5 22 4 16
81 23 4 15 2 11
81 20 4 8 6 6
81 6 4 11 6 8
81 7 10 20 7 14
101 19 1 28 0 20
101 29 1 28 0 20
101 24 2 14 6 10
101 26 4 14 5 10
101 30 7 24 5 17
101 14 2 24 4 17
101 27 10 21 2 15
101 25 1 22 1 16
101 16 2 12 3 9
101 8 4 25 5 18
101 11 14 28 4 20
101 4 5 17 6 12
101 2 2 17 5 12
101 1 7 15 8 11
101 18 2 17 6 12
101 22 1 14 5 10
101 13 7 28 7 20
101 28 7 18 6 13
101 12 1 25 4 18
101 21 14 18 3 13
101 9 8 14 5 10
101 3 2 20 5 14
101 5 7 7 6 5
101 17 1 28 5 20
101 15 4 18 6 13
101 10 5 25 5 18
101 23 4 14 2 10
101 20 4 12 7 9
101 6 4 18 6 13
101 7 10 22 7 16
121 15 4 17 7 12
121 17 1 14 5 10
121 3 2 25 6 18
121 12 1 5 4 4
121 28 7 17 7 12
121 13 7 25 8 18
121 22 1 18 5 13
121 18 2 27 6 19
121 1 7 17 9 12
121 2 2 27 6 19
121 4 5 18 7 13
121 11 14 17 5 12
121 5 7 21 7 15
121 19 1 27 0 19
121 29 1 20 0 14
121 24 2 21 6 15
121 26 4 22 6 16
121 30 7 18 6 13
121 27 10 12 3 9
121 25 1 17 1 12
121 16 2 17 3 12
121 8 4 18 6 13
121 21 14 18 4 13
121 9 8 27 6 19
121 10 5 24 6 17
121 23 4 17 2 12
121 20 4 14 7 10
121 6 4 25 6 18
121 7 10 25 7 18
121 14 2 25 5 18
141 15 4 20 7 14
141 17 1 18 5 13
141 3 2 24 6 17
141 12 1 17 4 12
141 28 7 22 7 16
141 13 7 17 9 12
141 22 1 14 5 10
141 18 2 15 7 11
141 1 7 17 10 12
141 2 2 14 6 10
141 4 5 12 8 9
141 11 14 28 6 20
141 5 7 10 8 7
141 19 1 21 0 15
141 29 1 17 0 12
141 24 2 11 6 8
141 26 4 18 7 13
141 30 7 17 7 12
141 27 10 17 4 12
141 25 1 28 1 20
141 16 2 24 4 17
141 8 4 18 6 13
141 21 14 12 5 9
141 9 8 17 7 12
141 10 5 27 6 19
141 23 4 25 3 18
141 20 4 21 7 15
141 6 4 10 7 7
141 7 10 27 8 19
141 14 2 10 5 7
161 21 12 21 6 15
161 15 4 25 8 18
161 17 1 24 5 17
161 3 2 21 6 15
161 12 1 15 4 11
161 28 7 24 8 17
161 13 7 24 9 17
161 22 1 24 5 17
161 18 2 25 7 18
161 1 7 24 10 17
161 2 2 10 6 7
161 4 5 20 8 14
161 11 14 24 7 17
161 5 7 15 8 11
161 19 1 22 0 16
161 29 1 8 0 6
161 24 2 21 6 15
161 26 4 25 7 18
161 30 7 20 7 14
161 27 10 20 5 14
161 25 1 25 1 18
161 16 2 28 4 20
161 8 4 17 7 12
161 9 8 27 8 19
161 10 5 17 7 12
161 23 4 28 3 20
161 20 4 20 8 14
161 6 4 21 7 15
161 7 10 22 9 16
161 14 2 27 5 19
181 14 2 10 6 7
181 7 10 12 10 9
181 6 4 12 7 9
181 20 4 18 8 13
181 10 5 27 7 19
181 9 8 22 8 16
181 8 4 17 7 12
181 27 10 10 6 7
181 30 7 15 8 11
181 26 4 27 7 19
181 24 2 12 7 9
181 29 1 25 0 18
181 19 1 27 0 19
181 5 7 12 8 9
181 11 14 14 8 10
181 4 5 27 8 19
181 2 2 11 6 8
181 1 7 11 10 8
181 18 2 15 7 11
181 22 1 24 5 17
181 13 7 10 10 7
181 28 7 15 8 11
181 12 1 25 4 18
181 3 2 14 6 10
181 17 1 25 5 18
181 15 4 14 8 10
181 21 12 28 7 20
181 25 1 24 1 17
181 16 2 22 4 16
181 23 4 17 4 12
201 11 14 15 9 11
201 27 10 14 6 10
201 14 2 22 6 16
201 7 10 20 11 14
201 6 4 18 8 13
201 20 4 15 8 11
201 10 5 14 7 10
201 9 8 14 9 10
201 8 4 24 7 17
201 30 7 20 8 14
201 26 4 18 7 13
201 24 2 17 7 12
201 29 1 7 0 5
201 19 1 22 0 16
201 5 7 22 8 16
201 4 5 22 9 16
201 2 2 27 7 19
201 1 7 14 11 10
201 18 2 25 7 18
201 22 1 24 5 17
201 13 7 27 10 19
201 28 7 12 9 9
201 12 1 8 4 6
201 3 2 28 7 20
201 17 1 14 5 10
201 15 4 7 8 5
201 21 12 25 8 18
201 25 1 28 1 20
201 16 2 15 4 11
201 23 4 20 4 14
221 11 14 12 10 9
221 27 10 22 7 16
221 14 2 27 6 19
221 7 10 12 11 9
221 6 4 24 8 17
221 20 4 18 8 13
221 10 5 14 7 10
221 9 8 22 9 16
221 8 4 15 7 11
221 30 7 8 9 6
221 26 4 21 7 15
221 24 2 14 7 10
221 29 1 22 0 16
221 19 1 24 0 17
221 5 7 25 9 18
221 4 5 22 9 16
221 2 2 18 7 13
221 1 7 15 11 11
221 18 2 21 8 15
221 22 1 24 5 17
221 13 7 18 11 13
221 28 7 8 9 6
221 12 1 14 4 10
221 3 2 17 7 12
221 17 1 25 5 18
221 15 4 28 9 20
221 21 12 28 9 20
221 25 1 15 1 11
221 16 2 20 5 14
221 23 4 28 4 20
241 23 4 20 4 14
241 21 12 14 10 10
241 15 4 17 9 12
241 17 1 28 5 20
241 3 2 17 7 12
241 12 1 17 4 12
241 28 7 25 9 18
241 13 7 11 11 8
241 22 1 28 5 20
241 18 2 10 8 7
241 1 7 25 12 18
241 2 2 28 7 20
241 4 5 17 10 12
241 5 7 14 9 10
241 19 1 28 0 20
241 24 2 17 7 12
241 26 4 12 8 9
241 30 7 24 9 17
241 8 4 11 8 8
241 9 8 21 10 15
241 10 5 20 8 14
241 20 4 20 8 14
241 6 4 15 8 11
241 7 10 14 12 10
241 14 2 27 6 19
241 27 10 11 8 8
241 11 12 10 11 7
241 25 1 22 1 16
241 16 2 15 5 11
241 29 1 15 0 11
261 11 10 25 12 18
261 23 4 8 5 6
261 21 12 20 10 14
261 15 4 21 9 15
261 17 1 17 5 12
261 3 2 24 7 17
261 12 1 11 4 8
261 28 7 11 10 8
261 13 7 25 11 18
261 22 1 27 5 19
261 18 2 17 8 12
261 1 7 20 12 14
261 2 2 24 7 17
261 4 5 25 10 18
261 5 7 20 9 14
261 19 1 28 0 20
261 24 2 21 7 15
261 26 4 27 8 19
261 30 7 20 9 14
261 8 4 24 8 17
261 9 8 24 10 17
261 10 5 27 8 19
261 20 4 15 9 11
261 6 4 15 8 11
261 7 10 15 13 11
261 14 2 8 6 6
261 27 10 27 8 19
261 25 1 25 1 18
261 16 2 8 5 6
261 29 1 24 0 17
281 11 10 21 13 15
281 23 4 17 5 12
281 21 12 10 11 7
281 15 4 7 10 5
281 17 1 17 5 12
281 3 2 22 7 16
281 12 1 27 4 19
281 28 7 14 10 10
281 13 7 20 11 14
281 22 1 17 5 12
281 18 2 15 8 11
281 1 7 10 13 7
281 2 2 10 7 7
281 4 5 7 11 5
281 5 7 24 10 17
281 19 1 21 0 15
281 24 2 7 8 5
281 26 4 15 9 11
281 30 7 11 10 8
281 8 4 24 8 17
281 9 8 22 11 16
281 10 5 8 9 6
281 20 4 20 9 14
281 6 4 18 9 13
281 7 10 28 13 20
281 14 2 11 6 8
281 27 10 24 8 17
281 25 1 21 1 15
281 16 2 5 5 4
281 29 1 17 0 12
301 27 10 22 9 16
301 14 2 11 7 8
301 7 10 11 14 8
301 6 4 18 9 13
301 20 4 4 9 3
301 10 5 12 9 9
301 9 8 15 11 11
301 8 4 18 9 13
301 30 7 18 10 13
301 26 4 11 9 8
301 24 2 27 8 19
301 5 7 10 10 7
301 4 5 24 11 17
301 2 2 28 8 20
301 1 7 11 13 8
301 18 2 20 8 14
301 22 1 21 5 15
301 13 7 24 12 17
301 28 7 24 11 17
301 12 1 22 4 16
301 3 2 17 8 12
301 17 1 20 5 14
301 15 4 11 10 8
301 23 4 8 5 6
301 11 10 24 14 17
301 21 10 24 11 17
301 25 1 20 1 14
301 16 2 28 5 20
301 29 1 8 0 6
301 19 1 25 0 18
321 20 4 11 9 8
321 27 10 14 9 10
321 14 2 12 7 9
321 7 10 27 14 19
321 6 4 18 9 13
321 10 5 24 9 17
321 9 8 8 12 6
321 8 4 15 9 11
321 30 7 7 11 5
321 26 4 27 9 19
321 24 2 24 8 17
321 5 7 12 10 9
321 4 5 24 11 17
321 2 2 7 8 5
321 1 7 14 14 10
321 18 2 14 9 10
321 22 1 27 5 19
321 13 7 8 12 6
321 28 7 27 11 19
321 12 1 22 4 16
321 3 2 21 8 15
321 17 1 24 5 17
321 15 4 20 10 14
321 23 4 25 6 18
321 11 10 12 14 9
321 21 10 11 12 8
321 25 1 18 1 13
321 16 2 17 6 12
321 29 1 10 0 7
321 19 1 20 0 14
341 30 7 7 11 5
341 9 8 21 12 15
341 20 4 7 10 5
341 27 10 15 9 11
341 14 2 17 7 12
341 7 10 12 14 9
341 6 4 18 9 13
341 10 5 18 10 13
341 8 4 25 9 18
341 26 4 11 9 8
341 24 2 12 8 9
341 5 7 18 11 13
341 4 5 5 12 4
341 2 2 18 8 13
341 1 7 7 14 5
341 18 2 7 9 5
341 22 1 14 5 10
341 13 7 25 13 18
341 28 7 10 11 7
341 12 1 12 4 9
341 3 2 17 8 12
341 17 1 14 5 10
341 15 4 21 10 15
341 23 4 15 6 11
341 11 10 10 14 7
341 21 10 21 13 15
341 25 1 20 1 14
341 16 2 24 6 17
341 29 1 24 0 17
341 19 1 20 0 14
361 21 10 8 14 6
361 23 4 27 6 19
361 15 4 25 10 18
361 17 1 20 5 14
361 3 2 27 8 19
361 12 1 24 4 17
361 28 7 18 12 13
361 13 7 12 13 9
361 22 1 18 5 13
361 18 2 18 9 13
361 2 2 22 8 16
361 5 7 17 11 12
361 24 2 28 8 20
361 26 4 22 9 16
361 8 4 17 9 12
361 10 5 15 10 11
361 6 4 20 10 14
361 7 10 25 14 18
361 14 2 12 7 9
361 27 10 10 10 7
361 20 4 20 10 14
361 9 8 5 13 4
361 30 7 7 11 5
361 4 5 18 12 13
361 1 7 24 14 17
361 11 10 18 14 13
361 25 1 22 1 16
361 16 2 27 6 19
361 19 1 20 0 14
361 29 1 22 0 16
381 9 5 7 13 5
381 21 8 10 14 7
381 30 7 10 12 7
381 27 10 15 11 11
381 23 4 18 6 13
381 15 4 7 11 5
381 17 1 18 5 13
381 3 2 28 8 20
381 12 1 10 4 7
381 28 7 5 12 4
381 13 7 18 14 13
381 22 1 25 5 18
381 18 2 25 9 18
381 2 2 27 8 19
381 5 7 21 12 15
381 24 2 5 8 4
381 26 4 8 10 6
381 8 4 24 10 17
381 10 5 18 10 13
381 6 4 8 10 6
381 7 10 27 15 19
381 14 2 7 7 5
381 20 4 18 10 13
381 4 5 8 12 6
381 1 7 28 14 20
381 11 10 25 15 18
381 25 1 25 1 18
381 16 2 15 6 11
381 19 1 24 0 17
381 29 1 18 0 13
401 28 5 18 12 13
401 9 5 15 13 11
401 21 8 12 15 9
401 30 7 18 12 13
401 27 10 24 12 17
401 23 4 20 6 14
401 15 4 20 11 14
401 17 1 14 5 10
401 3 2 27 8 19
401 12 1 5 4 4
401 13 7 11 14 8
401 22 1 25 5 18
401 18 2 24 9 17
401 2 2 20 8 14
401 5 7 11 12 8
401 24 2 12 8 9
401 26 4 24 10 17
401 8 4 20 10 14
401 10 5 12 10 9
401 6 4 22 10 16
401 7 10 25 16 18
401 14 2 20 7 14
401 20 4 10 10 7
401 4 5 20 13 14
401 1 7 12 15 9
401 11 10 15 16 11
401 25 1 21 1 15
401 16 2 25 6 18
401 19 1 27 0 19
401 29 1 28 0 20
421 19 1 28 0 20
421 11 10 14 17 10
421 1 7 10 15 7
421 4 5 21 13 15
421 20 4 25 10 18
421 7 10 28 17 20
421 6 4 27 10 19
421 10 5 22 11 16
421 8 4 20 10 14
421 26 4 28 10 20
421 24 2 21 9 15
421 5 7 25 12 18
421 2 2 11 8 8
421 18 2 11 9 8
421 22 1 12 5 9
421 13 7 22 14 16
421 12 1 18 4 13
421 3 2 28 9 20
421 17 1 22 5 16
421 15 4 27 11 19
421 23 4 24 7 17
421 27 10 15 13 11
421 30 7 17 12 12
421 21 8 18 16 13
421 9 5 22 14 16
421 28 5 4 13 3
421 25 1 27 1 19
421 16 2 10 6 7
421 29 1 25 0 18
421 14 2 10 7 7
441 28 4 12 13 9
441 19 1 18 0 13
441 11 10 12 18 9
441 1 7 28 16 20
441 4 5 11 13 8
441 20 4 8 10 6
441 7 10 22 18 16
441 6 4 28 10 20
441 10 5 8 11 6
441 8 4 28 10 20
441 26 4 12 11 9
441 24 2 12 9 9
441 5 7 12 12 9
441 2 2 12 8 9
441 18 2 10 9 7
441 22 1 17 5 12
441 13 7 5 15 4
441 12 1 27 4 19
441 3 2 18 9 13
441 17 1 27 5 19
441 15 4 14 11 10
441 23 4 15 7 11
441 27 10 27 13 19
441 30 7 5 13 4
441 21 8 10 16 7
441 9 5 17 14 12
441 25 1 24 1 17
441 16 2 17 6 12
441 29 1 18 0 13
441 14 2 17 7 12
461 30 5 7 13 5
461 13 5 10 15 7
461 28 4 21 13 15
461 19 1 24 0 17
461 11 10 12 18 9
461 1 7 24 16 17
461 4 5 8 14 6
461 20 4 21 11 15
461 7 10 11 18 8
461 6 4 20 11 14
461 10 5 20 11 14
461 8 4 21 11 15
461 26 4 11 11 8
461 24 2 15 9 11
461 5 7 20 13 14
461 2 2 10 9 7
461 18 2 27 10 19
461 22 1 10 5 7
461 12 1 17 4 12
461 3 2 25 9 18
461 17 1 22 5 16
461 15 4 7 12 5
461 23 4 7 7 5
461 27 10 24 14 17
461 21 8 24 17 17
461 9 5 11 14 8
461 25 1 25 1 18
461 16 2 8 7 6
461 29 1 25 0 18
461 14 2 7 8 5
481 9 5 24 15 17
481 21 8 15 18 11
481 27 10 11 15 8
481 23 4 7 7 5
481 15 4 15 12 11
481 17 1 27 5 19
481 3 2 25 9 18
481 12 1 12 4 9
481 22 1 17 5 12
481 18 2 20 10 14
481 2 2 21 9 15
481 5 7 24 13 17
481 24 2 21 9 15
481 26 4 18 11 13
481 8 4 15 11 11
481 10 5 28 12 20
481 6 4 18 11 13
481 7 10 27 19 19
481 20 4 25 11 18
481 4 5 24 14 17
481 1 7 7 16 5
481 11 10 11 18 8
481 28 4 20 13 14
481 13 5 21 15 15
481 30 5 7 13 5
481 25 1 15 1 11
481 14 2 10 8 7
481 29 1 28 0 20
481 16 2 21 7 15
481 19 1 24 0 17
501 1 7 12 17 9
501 9 5 25 15 18
501 21 8 17 18 12
501 27 10 11 15 8
501 23 4 4 8 3
501 15 4 22 12 16
501 17 1 15 5 11
501 3 2 18 9 13
501 12 1 14 4 10
501 22 1 17 5 12
501 18 2 8 10 6
501 2 2 4 9 3
501 5 7 24 13 17
501 24 2 27 9 19
501 26 4 17 11 12
501 8 4 28 11 20
501 10 5 15 12 11
501 6 4 14 11 10
501 7 10 27 20 19
501 20 4 18 11 13
501 4 5 15 14 11
501 11 10 11 19 8
501 28 4 22 14 16
501 13 5 25 15 18
501 30 5 27 14 19
501 25 1 20 1 14
501 14 2 12 8 9
501 29 1 24 0 17
501 16 2 21 7 15
501 19 1 25 0 18
521 23 4 22 8 16
521 1 7 12 17 9
521 9 5 21 16 15
521 21 8 8 18 6
521 27 10 12 15 9
521 15 4 10 12 7
521 17 1 14 5 10
521 3 2 25 9 18
521 12 1 18 4 13
521 22 1 25 5 18
521 18 2 18 10 13
521 2 2 15 9 11
521 5 7 25 14 18
521 24 2 22 9 16
521 26 4 14 11 10
521 8 4 20 11 14
521 10 5 20 12 14
521 6 4 25 11 18
521 7 10 24 20 17
521 20 4 24 11 17
521 4 5 4 14 3
521 11 10 15 20 11
521 28 4 8 14 6
521 13 5 28 16 20
521 30 5 4 14 3
521 25 1 17 1 12
521 14 2 28 8 20
521 29 1 17 0 12
521 16 2 24 7 17
521 19 1 18 0 13
541 13 5 17 16 12
541 28 4 8 15 6
541 11 10 21 21 15
541 20 4 4 11 3
541 7 10 28 21 20
541 6 4 18 11 13
541 10 5 25 13 18
541 8 4 4 12 3
541 26 4 27 11 19
541 24 2 21 9 15
541 5 7 7 14 5
541 2 2 21 9 15
541 18 2 4 10 3
541 12 1 11 4 8
541 3 2 15 9 11
541 17 1 20 5 14
541 15 4 21 12 15
541 27 10 21 16 15
541 9 5 25 16 18
541 1 7 15 18 11
541 23 4 21 8 15
541 21 8 21 18 15
541 30 4 14 14 10
541 25 1 21 1 15
541 29 1 25 0 18
541 16 2 25 7 18
541 19 1 18 0 13
541 14 2 20 8 14
541 22 1 11 5 8
541 4 4 10 14 7
561 5 7 7 14 5
561 8 4 27 12 19
561 20 4 17 11 12
561 13 5 28 16 20
561 28 4 4 15 3
561 11 10 28 21 20
561 7 10 10 21 7
561 6 4 12 12 9
561 10 5 14 13 10
561 26 4 5 12 4
561 24 2 8 9 6
561 2 2 11 9 8
561 18 2 4 10 3
561 12 1 8 4 6
561 3 2 22 9 16
561 17 1 12 5 9
561 15 4 11 12 8
561 27 10 21 16 15
561 9 5 12 16 9
561 1 7 7 18 5
561 23 4 15 8 11
561 21 8 7 19 5
561 30 4 24 15 17
561 25 1 14 1 10
561 29 1 24 0 17
561 16 2 27 7 19
561 19 1 25 0 18
561 14 2 28 8 20
561 22 1 10 5 7
561 4 4 28 15 20
581 21 7 14 19 10
581 1 7 10 18 7
581 7 10 10 21 7
581 28 4 11 15 8
581 5 7 15 15 11
581 8 4 22 12 16
581 20 4 1 12 1
581 13 5 21 17 15
581 11 10 15 21 11
581 6 4 4 12 3
581 10 5 27 13 19
581 26 4 20 12 14
581 24 2 7 10 5
581 2 2 25 9 18
581 18 2 11 10 8
581 12 1 25 4 18
581 3 2 18 10 13
581 17 1 22 5 16
581 15 4 20 13 14
581 27 10 12 16 9
581 9 5 15 16 11
581 23 4 21 8 15
581 30 4 25 15 18
581 25 1 20 1 14
581 29 1 17 0 12
581 16 2 2 7 2
581 19 1 18 0 13
581 14 2 28 8 20
581 22 1 12 5 9
581 4 4 8 15 6
601 19 1 21 0 15
601 30 4 5 15 4
601 23 4 10 8 7
601 9 5 25 16 18
601 27 10 11 17 8
601 15 4 17 13 12
601 17 1 20 5 14
601 3 2 10 10 7
601 18 2 12 10 9
601 24 2 11 10 8
601 10 5 4 13 3
601 11 10 24 21 17
601 8 4 10 12 7
601 5 7 22 15 16
601 28 4 21 15 15
601 1 7 20 18 14
601 21 7 15 19 11
601 7 10 24 21 17
601 6 4 10 12 7
601 16 2 5 7 4
601 20 1 8 12 6
601 25 1 25 1 18
601 14 2 21 8 15
601 22 1 28 5 20
601 4 4 24 15 17
601 29 1 20 0 14
601 12 1 24 4 17
601 2 2 22 9 16
601 26 4 28 12 20
601 13 5 24 17 17
621 10 4 12 13 9
621 19 1 22 0 16
621 30 4 22 16 16
621 23 4 28 9 20
621 9 5 14 17 10
621 27 10 17 18 12
621 15 4 14 13 10
621 17 1 27 5 19
621 3 2 12 10 9
621 18 2 2 11 2
621 24 2 21 10 15
621 11 10 14 22 10
621 8 4 27 12 19
621 5 7 21 16 15
621 28 4 21 15 15
621 1 7 7 18 5
621 21 7 4 20 3
621 7 10 21 22 15
621 6 4 7 12 5
621 16 2 17 7 12
621 20 1 10 12 7
621 25 1 24 1 17
621 14 2 12 8 9
621 22 1 11 5 8
621 4 4 11 15 8
621 29 1 25 0 18
621 12 1 24 4 17
621 2 2 12 9 9
621 26 4 27 12 19
621 13 5 5 18 4
641 21 4 12 20 9
641 13 5 25 18 18
641 1 7 20 19 14
641 18 2 25 11 18
641 10 4 28 14 20
641 19 1 21 0 15
641 30 4 7 16 5
641 23 4 25 9 18
641 9 5 4 17 3
641 27 10 25 19 18
641 15 4 28 13 20
641 17 1 21 5 15
641 3 2 10 10 7
641 24 2 5 10 4
641 11 10 24 23 17
641 8 4 12 13 9
641 5 7 11 16 8
641 28 4 17 15 12
641 7 10 25 23 18
641 6 4 11 12 8
641 16 2 5 8 4
641 20 1 4 12 3
641 25 1 22 1 16
641 14 2 28 9 20
641 22 1 14 5 10
641 4 4 2 16 2
641 29 1 20 0 14
641 12 1 25 4 18
641 2 2 24 9 17
641 26 4 18 13 13
661 20 1 10 12 7
661 6 4 11 13 8
661 7 10 28 24 20
661 28 4 7 15 5
661 5 7 25 16 18
661 3 2 24 10 17
661 17 1 24 5 17
661 15 4 17 13 12
661 27 10 27 20 19
661 23 4 8 9 6
661 30 4 2 16 2
661 10 4 5 14 4
661 18 2 24 11 17
661 1 7 7 19 5
661 21 4 21 21 15
661 9 4 18 17 13
661 13 5 27 18 19
661 25 1 25 1 18
661 29 1 12 0 9
661 12 1 5 4 4
661 2 2 11 10 8
661 26 4 27 13 19
661 22 1 11 5 8
661 14 2 15 9 11
661 16 2 10 8 7
661 8 4 17 13 12
661 11 10 28 24 20
661 24 2 28 10 20
661 19 1 28 0 20
661 4 2 8 16 6
681 30 2 10 16 7
681 1 7 25 20 18
681 20 1 17 12 12
681 6 4 25 13 18
681 7 10 8 25 6
681 28 4 8 15 6
681 5 7 25 16 18
681 3 2 20 10 14
681 17 1 12 5 9
681 15 4 28 13 20
681 27 10 12 20 9
681 23 4 20 9 14
681 10 4 18 14 13
681 18 2 22 11 16
681 21 4 5 21 4
681 9 4 17 17 12
681 13 5 10 18 7
681 25 1 20 1 14
681 29 1 20 0 14
681 12 1 22 4 16
681 2 2 22 10 16
681 26 4 28 13 20
681 22 1 28 5 20
681 14 2 2 9 2
681 16 2 20 8 14
681 8 4 7 13 5
681 11 10 21 25 15
681 24 2 8 10 6
681 19 1 18 0 13
681 4 2 14 16 10
701 7 8 27 25 19
701 14 2 15 9 11
701 30 2 4 16 3
701 1 7 22 20 16
701 20 1 17 12 12
701 6 4 15 13 11
701 28 4 25 15 18
701 5 7 20 17 14
701 3 2 25 10 18
701 17 1 12 5 9
701 15 4 11 14 8
701 27 10 15 21 11
701 23 4 8 9 6
701 10 4 11 15 8
701 18 2 10 11 7
701 21 4 11 22 8
701 9 4 14 17 10
701 13 5 8 18 6
701 25 1 15 1 11
701 29 1 14 0 10
701 12 1 27 4 19
701 2 2 24 10 17
701 26 4 7 13 5
701 22 1 24 5 17
701 16 2 10 8 7
701 8 4 15 13 11
701 11 10 20 25 14
701 24 2 12 10 9
701 19 1 27 0 19
701 4 2 28 16 20
721 26 4 15 13 11
721 12 1 17 4 12
721 9 4 21 18 15
721 21 4 11 22 8
721 18 2 25 11 18
721 10 4 11 15 8
721 23 4 14 10 10
721 27 10 15 22 11
721 3 2 18 10 13
721 28 4 10 16 7
721 6 4 24 13 17
721 20 1 10 12 7
721 1 7 12 20 9
721 30 2 5 16 4
721 7 8 11 26 8
721 14 2 21 9 15
721 25 1 28 1 20
721 22 1 11 5 8
721 16 2 1 8 1
721 8 4 21 13 15
721 11 10 24 25 17
721 24 2 22 10 16
721 19 1 22 0 16
721 4 2 20 16 14
721 2 2 14 10 10
721 29 1 25 0 18
721 13 5 28 18 20
721 15 4 14 14 10
721 17 1 27 5 19
721 5 7 15 17 11
741 16 1 2 8 2
741 26 4 14 13 10
741 12 1 28 4 20
741 9 4 8 18 6
741 21 4 7 22 5
741 18 2 28 11 20
741 10 4 11 15 8
741 23 4 27 10 19
741 27 10 12 22 9
741 3 2 28 10 20
741 28 4 17 16 12
741 6 4 4 13 3
741 20 1 5 12 4
741 1 7 14 21 10
741 30 2 12 16 9
741 7 8 14 27 10
741 14 2 20 9 14
741 25 1 14 1 10
741 22 1 18 5 13
741 8 4 10 14 7
741 11 10 11 26 8
741 24 2 2 10 2
741 19 1 28 0 20
741 4 2 7 17 5
741 2 2 12 10 9
741 29 1 22 0 16
741 13 5 22 18 16
741 15 4 5 14 4
741 17 1 15 5 11
741 5 7 20 17 14
761 24 2 15 11 11
761 6 4 24 13 17
761 16 1 25 8 18
761 26 4 21 13 15
761 12 1 22 4 16
761 9 4 8 19 6
761 21 4 28 23 20
761 18 2 8 11 6
761 10 4 14 15 10
761 23 4 21 10 15
761 27 10 10 22 7
761 3 2 21 11 15
761 28 4 12 16 9
761 20 1 10 12 7
761 1 7 8 21 6
761 30 2 7 16 5
761 7 8 21 27 15
761 14 2 27 9 19
761 25 1 20 1 14
761 22 1 22 5 16
761 8 4 24 14 17
761 11 10 21 27 15
761 19 1 25 0 18
761 4 2 10 17 7
761 2 2 7 10 5
761 29 1 10 0 7
761 13 5 17 19 12
761 15 4 10 14 7
761 17 1 14 5 10
761 5 7 25 18 18
781 8 4 25 14 18
781 7 8 17 28 12
781 1 7 12 22 9
781 20 1 5 12 4
781 28 4 4 17 3
781 23 4 14 10 10
781 10 4 17 15 12
781 21 4 12 23 9
781 9 4 10 19 7
781 26 4 7 14 5
781 6 4 17 14 12
781 27 10 12 23 9
781 25 1 18 1 13
781 2 2 8 10 6
781 29 1 27 0 19
781 13 5 18 19 13
781 15 4 27 14 19
781 17 1 24 5 17
781 5 7 20 18 14
781 4 2 27 17 19
781 19 1 25 0 18
781 11 10 25 28 18
781 22 1 21 5 15
781 14 2 5 9 4
781 30 2 15 17 11
781 3 2 24 11 17
781 18 2 21 11 15
781 12 1 28 4 20
781 16 1 14 8 10
781 24 2 5 11 4
801 28 4 20 17 14
801 8 4 18 14 13
801 7 8 24 28 17
801 1 7 24 22 17
801 20 1 27 12 19
801 23 4 10 10 7
801 10 4 20 15 14
801 21 4 14 23 10
801 9 4 2 19 2
801 26 4 24 14 17
801 6 4 12 14 9
801 27 10 10 23 7
801 25 1 21 1 15
801 2 2 25 10 18
801 29 1 24 0 17
801 13 5 24 19 17
801 15 4 20 14 14
801 17 1 15 5 11
801 5 7 14 18 10
801 4 2 21 17 15
801 19 1 20 0 14
801 11 10 21 28 15
801 22 1 21 5 15
801 14 2 2 9 2
801 30 2 25 17 18
801 3 2 17 11 12
801 18 2 7 11 5
801 12 1 21 4 15
801 16 1 22 8 16
801 24 2 11 11 8
821 9 2 11 19 8
821 14 2 15 9 11
821 27 10 25 23 18
821 28 4 8 17 6
821 8 4 12 14 9
821 7 8 14 28 10
821 1 7 11 22 8
821 20 1 20 12 14
821 23 4 21 10 15
821 10 4 14 16 10
821 21 4 4 23 3
821 26 4 18 14 13
821 6 4 12 14 9
821 25 1 27 1 19
821 2 2 28 10 20
821 29 1 14 0 10
821 13 5 27 20 19
821 15 4 5 15 4
821 17 1 15 5 11
821 5 7 7 19 5
821 4 2 27 17 19
821 19 1 22 0 16
821 11 10 18 28 13
821 22 1 25 5 18
821 30 2 12 17 9
821 3 2 24 11 17
821 18 2 11 12 8
821 12 1 14 4 10
821 16 1 14 8 10
821 24 2 5 11 4
841 17 1 10 5 7
841 15 4 2 15 2
841 29 1 2 0 2
841 2 2 1 10 1
841 6 4 1 14 1
841 26 4 2 14 2
841 10 4 2 16 2
841 23 4 1 11 1
841 1 7 4 22 3
841 28 4 2 17 2
841 27 10 7 24 5
841 9 2 2 19 2
841 21 4 2 23 2
841 14 2 1 9 1
841 4 2 1 17 1
841 19 1 18 0 13
841 11 10 8 28 6
841 22 1 10 5 7
841 30 2 1 17 1
841 3 2 1 11 1
841 18 2 1 12 1
841 12 1 2 4 2
841 16 1 1 8 1
841 24 2 1 11 1
841 13 5 4 20 3
841 25 1 4 1 3
841 20 1 1 12 1
841 7 8 2 28 2
841 8 4 2 14 2
841 5 7 1 19 1
861 5 1 21 19 15
861 8 2 22 15 16
861 7 2 11 29 8
861 13 4 12 21 9
861 24 1 2 11 2
861 18 1 11 12 8
861 3 1 14 11 10
861 30 1 20 17 14
861 11 8 15 29 11
861 4 1 5 17 4
861 14 1 14 9 10
861 21 2 22 23 16
861 27 7 11 25 8
861 28 2 24 17 17
861 1 4 28 22 20
861 23 1 4 11 3
861 10 2 4 16 3
861 26 2 25 15 18
861 6 1 15 14 11
861 2 1 15 10 11
861 15 2 4 15 3
861 20 1 1 12 1
861 16 1 10 8 7
861 9 2 14 19 10
861 17 1 21 5 15
861 29 1 7 0 5
861 19 1 24 0 17
861 22 1 24 5 17
861 12 1 5 4 4
861 25 1 15 1 11
881 20 1 18 12 13
881 5 1 11 19 8
881 8 2 2 15 2
881 7 2 22 29 16
881 13 4 17 21 12
881 24 1 17 11 12
881 18 1 7 12 5
881 3 1 21 11 15
881 30 1 24 17 17
881 11 8 28 30 20
881 4 1 1 17 1
881 14 1 17 9 12
881 21 2 7 23 5
881 27 7 14 26 10
881 28 2 20 17 14
881 1 4 18 23 13
881 23 1 20 11 14
881 10 2 7 16 5
881 26 2 4 15 3
881 6 1 14 14 10
881 2 1 21 10 15
881 15 2 10 15 7
881 16 1 10 8 7
881 9 2 10 19 7
881 17 1 15 5 11
881 29 1 22 0 16
881 19 1 25 0 18
881 22 1 12 5 9
881 12 1 25 4 18
881 25 1 25 1 18
901 12 1 27 4 19
901 19 1 18 0 13
901 17 1 22 5 16
901 9 2 11 19 8
901 16 1 25 8 18
901 15 2 4 15 3
901 6 1 15 14 11
901 26 2 4 15 3
901 10 2 14 16 10
901 1 4 21 23 15
901 28 2 20 17 14
901 27 7 8 27 6
901 21 2 2 23 2
901 14 1 22 9 16
901 11 8 24 31 17
901 3 1 27 11 19
901 18 1 15 12 11
901 8 2 2 15 2
901 20 1 1 12 1
901 5 1 27 19 19
901 7 2 12 30 9
901 13 4 10 21 7
901 25 1 15 1 11
901 22 1 14 5 10
901 29 1 12 0 9
901 2 1 5 10 4
901 23 1 28 11 20
901 30 1 25 17 18
901 24 1 4 11 3
901 4 1 20 17 14
921 20 1 20 12 14
921 8 2 2 15 2
921 21 2 24 23 17
921 12 1 10 4 7
921 19 1 22 0 16
921 17 1 20 5 14
921 9 2 15 19 11
921 16 1 18 8 13
921 15 2 14 15 10
921 6 1 12 14 9
921 26 2 14 15 10
921 10 2 27 16 19
921 1 4 27 24 19
921 28 2 21 17 15
921 27 7 25 27 18
921 14 1 5 9 4
921 11 8 15 32 11
921 3 1 8 11 6
921 18 1 24 12 17
921 5 1 28 19 20
921 7 2 4 30 3
921 13 4 28 21 20
921 25 1 21 1 15
921 22 1 12 5 9
921 29 1 22 0 16
921 2 1 1 10 1
921 23 1 10 11 7
921 30 1 7 17 5
921 24 1 5 11 4
921 4 1 22 17 16
941 2 1 10 10 7
941 8 2 2 15 2
941 20 1 8 12 6
941 21 2 4 24 3
941 12 1 15 4 11
941 19 1 18 0 13
941 17 1 24 5 17
941 9 2 15 20 11
941 16 1 12 8 9
941 15 2 18 16 13
941 6 1 15 14 11
941 26 2 5 15 4
941 10 2 5 17 4
941 1 4 5 24 4
941 28 2 7 17 5
941 27 7 12 28 9
941 14 1 22 9 16
941 11 8 10 32 7
941 3 1 17 11 12
941 18 1 2 12 2
941 5 1 8 19 6
941 7 2 5 30 4
941 13 4 2 21 2
941 25 1 14 1 10
941 22 1 17 5 12
941 29 1 18 0 13
941 23 1 22 11 16
941 30 1 20 17 14
941 24 1 15 11 11
941 4 1 1 17 1
961 3 1 1 11 1
961 27 7 1 28 1
961 28 2 1 18 1
961 1 4 1 24 1
961 10 2 1 17 1
961 26 2 1 15 1
961 6 1 2 14 2
961 15 2 1 16 1
961 9 2 1 20 1
961 21 2 1 24 1
961 4 1 1 17 1
961 2 1 1 10 1
961 22 1 1 5 1
961 29 1 2 0 2
961 23 1 1 11 1
961 30 1 1 17 1
961 24 1 1 11 1
961 25 1 12 1 9
961 7 2 1 30 1
961 5 1 4 19 3
961 18 1 1 12 1
961 11 8 1 32 1
961 14 1 1 9 1
961 16 1 1 8 1
961 17 1 2 5 2
961 19 1 12 0 9
961 12 1 5 4 4
961 20 1 1 12 1
961 8 2 1 15 1
961 13 2 2 21 2
981 8 1 1 15 1
981 11 1 4 32 3
981 7 1 4 30 3
981 21 1 1 24 1
981 9 1 1 20 1
981 15 1 1 16 1
981 26 1 1 15 1
981 10 1 1 17 1
981 1 1 2 24 2
981 28 1 1 18 1
981 27 1 4 28 3
981 13 2 1 21 1
981 20 1 1 12 1
981 16 1 1 8 1
981 14 1 1 9 1
981 18 1 1 12 1
981 24 1 1 11 1
981 30 1 1 17 1
981 23 1 1 11 1
981 22 1 8 5 6
981 2 1 1 10 1
981 4 1 1 17 1
981 3 1 4 11 3
981 6 1 2 14 2
981 29 1 7 0 5
981 25 1 8 1 6
981 5 1 4 19 3
981 17 1 12 5 9
981 19 1 12 0 9
981 12 1 4 4 3
1001 13 1 2 21 2
1001 4 1 1 17 1
1001 2 1 1 10 1
1001 23 1 1 11 1
1001 30 1 1 17 1
1001 24 1 1 11 1
1001 18 1 1 12 1
1001 14 1 1 9 1
1001 16 1 1 8 1
1001 20 1 1 12 1
1001 28 1 1 18 1
1001 10 1 1 17 1
1001 26 1 1 15 1
1001 15 1 1 16 1
1001 9 1 1 20 1
1001 21 1 1 24 1
1001 8 1 1 15 1
1001 11 1 1 32 1
1001 7 1 1 30 1
1001 1 1 1 24 1
1001 27 1 5 28 4
1001 22 1 1 5 1
1001 3 1 1 11 1
1001 6 1 2 14 2
1001 29 1 4 0 3
1001 25 1 14 1 10
1001 5 1 1 19 1
1001 17 1 10 5 7
1001 19 1 17 0 12
1001 12 1 4 4 3
1021 29 1 4 0 3
1021 27 1 2 28 2
1021 30 1 1 17 1
1021 28 1 1 18 1
1021 10 1 1 17 1
1021 26 1 1 15 1
1021 15 1 1 16 1
1021 9 1 1 20 1
1021 21 1 1 24 1
1021 1 1 2 24 2
1021 5 1 2 19 2
1021 7 1 1 30 1
1021 11 1 4 32 3
1021 8 1 1 15 1
1021 20 1 1 12 1
1021 16 1 1 8 1
1021 14 1 1 9 1
1021 18 1 1 12 1
1021 13 1 2 21 2
1021 17 1 8 5 6
1021 19 1 17 0 12
1021 12 1 1 4 1
1021 25 1 12 1 9
1021 6 1 1 14 1
1021 4 1 1 17 1
1021 2 1 1 10 1
1021 23 1 1 11 1
1021 24 1 1 11 1
1021 22 1 1 5 1
1021 3 1 5 11 4
1041 22 1 8 5 6
1041 24 1 1 11 1
1041 23 1 1 11 1
1041 2 1 1 10 1
1041 4 1 1 17 1
1041 6 1 1 14 1
1041 12 1 1 4 1
1041 18 1 1 12 1
1041 14 1 1 9 1
1041 16 1 1 8 1
1041 20 1 1 12 1
1041 8 1 1 15 1
1041 7 1 4 30 3
1041 21 1 1 24 1
1041 9 1 1 20 1
1041 15 1 1 16 1
1041 26 1 1 15 1
1041 10 1 1 17 1
1041 28 1 1 18 1
1041 30 1 1 17 1
1041 29 1 4 0 3
1041 27 1 4 28 3
1041 1 1 1 24 1
1041 5 1 5 19 4
1041 11 1 5 32 4
1041 13 1 1 21 1
1041 17 1 4 5 3
1041 19 1 4 0 3
1041 25 1 10 1 7
1041 3 1 5 11 4
1061 13 1 2 21 2
1061 1 1 2 24 2
1061 30 1 1 17 1
1061 28 1 1 18 1
1061 10 1 1 17 1
1061 26 1 1 15 1
1061 15 1 1 16 1
1061 9 1 1 20 1
1061 21 1 1 24 1
1061 8 1 1 15 1
1061 20 1 1 12 1
1061 16 1 1 8 1
1061 14 1 1 9 1
1061 18 1 1 12 1
1061 12 1 4 4 3
1061 6 1 2 14 2
1061 4 1 1 17 1
1061 2 1 1 10 1
1061 23 1 1 11 1
1061 24 1 1 11 1
1061 22 1 7 5 5
1061 7 1 1 30 1
1061 29 1 2 0 2
1061 27 1 2 28 2
1061 5 1 1 19 1
1061 11 1 5 32 4
1061 17 1 12 5 9
1061 19 1 12 0 9
1061 25 1 4 1 3
1061 3 1 1 11 1
1081 27 1 1 28 1
1081 1 1 1 24 1
1081 28 1 1 18 1
1081 10 1 1 17 1
1081 9 1 1 20 1
1081 21 1 1 24 1
1081 3 1 4 11 3
1081 24 1 1 11 1
1081 23 1 1 11 1
1081 2 1 1 10 1
1081 4 1 1 17 1
1081 6 1 2 14 2
1081 22 1 7 5 5
1081 25 1 14 1 10
1081 19 1 14 0 10
1081 17 1 11 5 8
1081 11 1 1 32 1
1081 29 1 7 0 5
1081 12 1 2 4 2
1081 13 1 1 21 1
1081 30 1 1 17 1
1081 26 1 1 15 1
1081 15 1 1 16 1
1081 8 1 1 15 1
1081 20 1 1 12 1
1081 16 1 1 8 1
1081 14 1 1 9 1
1081 18 1 1 12 1
1081 7 1 2 30 2
1081 5 1 4 19 3
1101 18 1 1 12 1
1101 14 1 1 9 1
1101 16 1 1 8 1
1101 20 1 1 12 1
1101 8 1 1 15 1
1101 15 1 1 16 1
1101 26 1 1 15 1
1101 30 1 1 17 1
1101 13 1 1 21 1
1101 11 1 1 32 1
1101 4 1 1 17 1
1101 2 1 1 10 1
1101 23 1 1 11 1
1101 24 1 1 11 1
1101 21 1 1 24 1
1101 9 1 1 20 1
1101 10 1 1 17 1
1101 28 1 1 18 1
1101 1 1 1 24 1
1101 27 1 1 28 1
1101 3 1 2 11 2
1101 6 1 2 14 2
1101 22 1 2 5 2
1101 25 1 14 1 10
1101 19 1 2 0 2
1101 17 1 2 5 2
1101 29 1 5 0 4
1101 12 1 2 4 2
1101 7 1 2 30 2
1101 5 1 2 19 2
1121 27 1 1 28 1
1121 1 1 1 24 1
1121 28 1 1 18 1
1121 10 1 1 17 1
1121 9 1 1 20 1
1121 21 1 1 24 1
1121 24 1 1 11 1
1121 23 1 1 11 1
1121 2 1 1 10 1
1121 4 1 1 17 1
1121 11 1 7 32 5
1121 13 1 2 21 2
1121 30 1 1 17 1
1121 26 1 1 15 1
1121 15 1 1 16 1
1121 8 1 1 15 1
1121 20 1 1 12 1
1121 16 1 1 8 1
1121 14 1 1 9 1
1121 18 1 1 12 1
1121 3 1 5 11 4
1121 6 1 2 14 2
1121 22 1 1 5 1
1121 25 1 10 1 7
1121 19 1 7 0 5
1121 17 1 5 5 4
1121 29 1 4 0 3
1121 12 1 1 4 1
1121 7 1 1 30 1
1121 5 1 1 19 1
1141 25 1 5 1 4
1141 3 1 2 11 2
1141 27 1 2 28 2
1141 1 1 2 24 2
1141 28 1 1 18 1
1141 9 1 1 20 1
1141 21 1 1 24 1
1141 24 1 1 11 1
1141 2 1 1 10 1
1141 5 1 2 19 2
1141 7 1 1 30 1
1141 12 1 1 4 1
1141 18 1 1 12 1
1141 14 1 1 9 1
1141 16 1 1 8 1
1141 20 1 1 12 1
1141 8 1 1 15 1
1141 15 1 1 16 1
1141 26 1 1 15 1
1141 30 1 1 17 1
1141 11 1 2 32 2
1141 13 1 2 21 2
1141 19 1 12 0 9
1141 17 1 1 5 1
1141 29 1 2 0 2
1141 6 1 2 14 2
1141 10 1 1 17 1
1141 23 1 1 11 1
1141 4 1 1 17 1
1141 22 1 7 5 5
1161 4 1 1 17 1
1161 23 1 1 11 1
1161 10 1 1 17 1
1161 17 1 7 5 5
1161 30 1 1 17 1
1161 26 1 1 15 1
1161 15 1 1 16 1
1161 8 1 1 15 1
1161 20 1 1 12 1
1161 16 1 1 8 1
1161 14 1 1 9 1
1161 18 1 1 12 1
1161 12 1 5 4 4
1161 7 1 2 30 2
1161 2 1 1 10 1
1161 24 1 1 11 1
1161 21 1 1 24 1
1161 9 1 1 20 1
1161 28 1 1 18 1
1161 25 1 10 1 7
1161 3 1 5 11 4
1161 27 1 1 28 1
1161 1 1 1 24 1
1161 5 1 5 19 4
1161 11 1 4 32 3
1161 13 1 1 21 1
1161 19 1 15 0 11
1161 29 1 5 0 4
1161 6 1 2 14 2
1161 22 1 7 5 5
1181 13 1 1 21 1
1181 1 1 1 24 1
1181 27 1 4 28 3
1181 28 1 1 18 1
1181 9 1 1 20 1
1181 21 1 1 24 1
1181 24 1 1 11 1
1181 2 1 1 10 1
1181 18 1 1 12 1
1181 14 1 1 9 1
1181 16 1 1 8 1
1181 20 1 1 12 1
1181 8 1 1 15 1
1181 15 1 1 16 1
1181 26 1 1 15 1
1181 30 1 1 17 1
1181 10 1 1 17 1
1181 23 1 1 11 1
1181 4 1 1 17 1
1181 17 1 5 5 4
1181 12 1 2 4 2
1181 7 1 1 30 1
1181 25 1 7 1 5
1181 3 1 5 11 4
1181 5 1 5 19 4
1181 11 1 1 32 1
1181 19 1 11 0 8
1181 29 1 1 0 1
1181 6 1 2 14 2
1181 22 1 4 5 3
1201 27 1 4 28 3
1201 1 1 1 24 1
1201 28 1 1 18 1
1201 9 1 1 20 1
1201 21 1 1 24 1
1201 4 1 1 17 1
1201 23 1 1 11 1
1201 10 1 1 17 1
1201 6 1 1 14 1
1201 22 1 10 5 7
1201 19 1 11 0 8
1201 5 1 4 19 3
1201 3 1 4 11 3
1201 25 1 12 1 9
1201 12 1 5 4 4
1201 17 1 2 5 2
1201 13 1 1 21 1
1201 24 1 1 11 1
1201 2 1 1 10 1
1201 18 1 1 12 1
1201 14 1 1 9 1
1201 16 1 1 8 1
1201 20 1 1 12 1
1201 8 1 1 15 1
1201 15 1 1 16 1
1201 26 1 1 15 1
1201 30 1 1 17 1
1201 7 1 2 30 2
1201 11 1 2 32 2
1201 29 1 1 0 1
1221 29 1 5 0 4
1221 30 1 1 17 1
1221 26 1 1 15 1
1221 15 1 1 16 1
1221 8 1 1 15 1
1221 20 1 1 12 1
1221 16 1 1 8 1
1221 14 1 1 9 1
1221 18 1 1 12 1
1221 2 1 1 10 1
1221 24 1 1 11 1
1221 13 1 1 21 1
1221 6 1 1 14 1
1221 10 1 1 17 1
1221 23 1 1 11 1
1221 4 1 1 17 1
1221 21 1 1 24 1
1221 9 1 1 20 1
1221 28 1 1 18 1
1221 1 1 1 24 1
1221 27 1 1 28 1
1221 22 1 2 5 2
1221 19 1 4 0 3
1221 5 1 2 19 2
1221 3 1 5 11 4
1221 25 1 11 1 8
1221 12 1 2 4 2
1221 17 1 4 5 3
1221 7 1 2 30 2
1221 11 1 5 32 4
1241 27 1 5 28 4
1241 1 1 2 24 2
1241 28 1 1 18 1
1241 9 1 1 20 1
1241 21 1 1 24 1
1241 4 1 1 17 1
1241 23 1 1 11 1
1241 10 1 1 17 1
1241 6 1 1 14 1
1241 13 1 1 21 1
1241 24 1 1 11 1
1241 2 1 1 10 1
1241 18 1 1 12 1
1241 14 1 1 9 1
1241 16 1 1 8 1
1241 20 1 1 12 1
1241 8 1 1 15 1
1241 15 1 1 16 1
1241 26 1 1 15 1
1241 30 1 1 17 1
1241 29 1 5 0 4
1241 22 1 4 5 3
1241 19 1 18 0 13
1241 5 1 4 19 3
1241 3 1 2 11 2
1241 25 1 4 1 3
1241 12 1 2 4 2
1241 17 1 8 5 6
1241 7 1 1 30 1
1241 11 1 4 32 3
1261 28 1 1 18 1
1261 9 1 1 20 1
1261 21 1 1 24 1
1261 7 1 4 30 3
1261 30 1 1 17 1
1261 26 1 1 15 1
1261 15 1 1 16 1
1261 8 1 1 15 1
1261 20 1 1 12 1
1261 16 1 1 8 1
1261 14 1 1 9 1
1261 18 1 1 12 1
1261 2 1 1 10 1
1261 24 1 1 11 1
1261 13 1 2 21 2
1261 29 1 2 0 2
1261 19 1 12 0 9
1261 5 1 4 19 3
1261 3 1 5 11 4
1261 25 1 5 1 4
1261 12 1 4 4 3
1261 17 1 1 5 1
1261 11 1 1 32 1
1261 22 1 4 5 3
1261 4 1 1 17 1
1261 23 1 1 11 1
1261 10 1 1 17 1
1261 6 1 1 14 1
1261 27 1 1 0 4
1261 1 1 1 0 2
1281 1 1 1 0 1
1281 27 1 4 0 3
1281 6 1 2 14 2
1281 10 1 1 17 1
1281 23 1 1 11 1
1281 4 1 1 17 1
1281 11 1 5 32 4
1281 17 1 5 5 4
1281 24 1 1 11 1
1281 2 1 1 10 1
1281 18 1 1 12 1
1281 14 1 1 9 1
1281 16 1 1 8 1
1281 20 1 1 12 1
1281 8 1 1 15 1
1281 15 1 1 16 1
1281 26 1 1 15 1
1281 30 1 1 17 1
1281 21 1 1 24 1
1281 9 1 1 20 1
1281 28 1 1 18 1
1281 7 1 1 30 1
1281 13 1 1 21 1
1281 29 1 5 0 4
1281 19 1 5 0 4
1281 5 1 5 19 4
1281 3 1 2 11 2
1281 25 1 8 1 6
1281 12 1 2 4 2
1281 22 1 1 5 1
1301 22 1 5 5 4
1301 13 1 1 21 1
1301 7 1 2 30 2
1301 28 1 1 18 1
1301 9 1 1 20 1
1301 21 1 1 24 1
1301 30 1 1 17 1
1301 26 1 1 15 1
1301 15 1 1 16 1
1301 8 1 1 15 1
1301 20 1 1 12 1
1301 16 1 1 8 1
1301 14 1 1 9 1
1301 18 1 1 12 1
1301 2 1 1 10 1
1301 24 1 1 11 1
1301 4 1 1 17 1
1301 23 1 1 11 1
1301 10 1 1 17 1
1301 1 1 1 0 1
1301 27 1 2 0 2
1301 6 1 2 14 2
1301 11 1 1 32 1
1301 17 1 5 5 4
1301 29 1 4 0 3
1301 19 1 7 0 5
1301 5 1 4 19 3
1301 3 1 4 11 3
1301 25 1 5 1 4
1301 12 1 2 4 2
1321 9 1 1 20 1
1321 21 1 1 24 1
1321 1 1 1 0 1
1321 10 1 1 17 1
1321 23 1 1 11 1
1321 4 1 1 17 1
1321 22 1 2 5 2
1321 27 1 4 0 3
1321 6 1 1 14 1
1321 12 1 2 4 2
1321 25 1 8 1 6
1321 3 1 1 11 1
1321 5 1 5 19 4
1321 19 1 7 0 5
1321 29 1 1 0 1
1321 17 1 8 5 6
1321 7 1 4 30 3
1321 13 1 1 21 1
1321 30 1 1 17 1
1321 26 1 1 15 1
1321 15 1 1 16 1
1321 8 1 1 15 1
1321 20 1 1 12 1
1321 16 1 1 8 1
1321 14 1 1 9 1
1321 18 1 1 12 1
1321 2 1 1 10 1
1321 24 1 1 11 1
1321 11 1 5 32 4
1321 28 1 1 0 1
1341 28 1 1 0 1
1341 24 1 1 11 1
1341 2 1 1 10 1
1341 18 1 1 12 1
1341 14 1 1 9 1
1341 16 1 1 8 1
1341 20 1 1 12 1
1341 8 1 1 15 1
1341 15 1 1 16 1
1341 26 1 1 15 1
1341 30 1 1 17 1
1341 13 1 1 21 1
1341 29 1 4 0 3
1341 3 1 2 11 2
1341 6 1 1 14 1
1341 4 1 1 17 1
1341 23 1 1 11 1
1341 10 1 1 17 1
1341 1 1 1 0 1
1341 21 1 1 24 1
1341 9 1 1 20 1
1341 22 1 1 5 1
1341 27 1 2 0 2
1341 12 1 5 4 4
1341 25 1 14 1 10
1341 5 1 5 19 4
1341 19 1 2 0 2
1341 17 1 1 5 1
1341 7 1 2 30 2
1341 11 1 7 32 5
1361 17 1 2 5 2
1361 22 1 10 5 7
1361 9 1 1 20 1
1361 21 1 1 24 1
1361 1 1 1 0 1
1361 10 1 1 17 1
1361 23 1 1 11 1
1361 4 1 1 17 1
1361 6 1 2 14 2
1361 13 1 1 21 1
1361 30 1 1 17 1
1361 26 1 1 15 1
1361 15 1 1 16 1
1361 8 1 1 15 1
1361 20 1 1 12 1
1361 16 1 1 8 1
1361 14 1 1 9 1
1361 18 1 1 12 1
1361 2 1 1 10 1
1361 24 1 1 11 1
1361 28 1 1 0 1
1361 29 1 5 0 4
1361 3 1 5 11 4
1361 27 1 1 0 1
1361 12 1 4 4 3
1361 25 1 14 1 10
1361 5 1 1 19 1
1361 19 1 8 0 6
1361 7 1 1 30 1
1361 11 1 5 32 4
1381 9 1 1 20 1
1381 21 1 1 24 1
1381 7 1 2 30 2
1381 5 1 4 19 3
1381 28 1 1 0 1
1381 24 1 1 11 1
1381 2 1 1 10 1
1381 18 1 1 12 1
1381 14 1 1 9 1
1381 16 1 1 8 1
1381 20 1 1 12 1
1381 8 1 1 15 1
1381 15 1 1 16 1
1381 26 1 1 15 1
1381 30 1 1 17 1
1381 13 1 2 21 2
1381 17 1 10 5 7
1381 29 1 5 0 4
1381 3 1 1 11 1
1381 12 1 2 4 2
1381 25 1 8 1 6
1381 19 1 5 0 4
1381 11 1 4 32 3
1381 6 1 1 14 1
1381 22 1 8 5 6
1381 1 1 2 0 2
1381 10 1 1 17 1
1381 23 1 1 11 1
1381 4 1 1 17 1
1381 27 1 4 0 3
1401 4 1 1 17 1
1401 23 1 1 11 1
1401 10 1 1 17 1
1401 6 1 1 14 1
1401 3 1 4 11 3
1401 30 1 1 17 1
1401 26 1 1 15 1
1401 15 1 1 16 1
1401 8 1 1 15 1
1401 20 1 1 12 1
1401 16 1 1 8 1
1401 14 1 1 9 1
1401 18 1 1 12 1
1401 2 1 1 10 1
1401 24 1 1 11 1
1401 28 1 1 0 1
1401 21 1 1 24 1
1401 9 1 1 20 1
1401 7 1 4 30 3
1401 5 1 2 19 2
1401 13 1 2 21 2
1401 17 1 5 5 4
1401 29 1 7 0 5
1401 12 1 2 4 2
1401 25 1 4 1 3
1401 19 1 15 0 11
1401 11 1 7 32 5
1401 22 1 1 5 1
1401 1 1 1 0 1
1401 27 1 2 0 2
1421 1 1 2 0 2
1421 22 1 2 5 2
1421 9 1 1 20 1
1421 21 1 1 24 1
1421 28 1 1 0 1
1421 24 1 1 11 1
1421 2 1 1 10 1
1421 18 1 1 12 1
1421 14 1 1 9 1
1421 16 1 1 8 1
1421 20 1 1 12 1
1421 8 1 1 15 1
1421 15 1 1 16 1
1421 26 1 1 15 1
1421 30 1 1 17 1
1421 6 1 1 14 1
1421 10 1 1 17 1
1421 23 1 1 11 1
1421 4 1 1 17 1
1421 3 1 2 11 2
1421 7 1 4 30 3
1421 5 1 4 19 3
1421 13 1 2 21 2
1421 17 1 2 5 2
1421 29 1 4 0 3
1421 12 1 2 4 2
1421 25 1 11 1 8
1421 19 1 15 0 11
1421 11 1 5 32 4
1421 27 1 2 0 2
1441 9 1 1 20 1
1441 4 1 1 17 1
1441 23 1 1 11 1
1441 10 1 1 17 1
1441 6 1 2 14 2
1441 1 1 2 0 2
1441 22 1 8 5 6
1441 27 1 5 0 4
1441 11 1 5 32 4
1441 19 1 1 0 1
1441 25 1 10 1 7
1441 12 1 1 4 1
1441 29 1 4 0 3
1441 17 1 4 5 3
1441 13 1 1 21 1
1441 5 1 5 19 4
1441 7 1 4 30 3
1441 3 1 2 11 2
1441 28 1 1 0 1
1441 24 1 1 11 1
1441 2 1 1 10 1
1441 18 1 1 12 1
1441 14 1 1 9 1
1441 16 1 1 8 1
1441 20 1 1 12 1
1441 8 1 1 15 1
1441 15 1 1 16 1
1441 26 1 1 15 1
1441 30 1 1 17 1
1441 21 1 1 0 1
1461 21 1 1 0 1
1461 30 1 1 17 1
1461 26 1 1 15 1
1461 15 1 1 16 1
1461 8 1 1 15 1
1461 20 1 1 12 1
1461 16 1 1 8 1
1461 14 1 1 9 1
1461 18 1 1 12 1
1461 2 1 1 10 1
1461 24 1 1 11 1
1461 28 1 1 0 1
1461 13 1 1 21 1
1461 12 1 2 4 2
1461 19 1 14 0 10
1461 10 1 1 17 1
1461 23 1 1 11 1
1461 4 1 1 17 1
1461 9 1 1 20 1
1461 6 1 1 14 1
1461 1 1 1 0 1
1461 22 1 10 5 7
1461 27 1 2 0 2
1461 11 1 7 32 5
1461 25 1 2 1 2
1461 29 1 4 0 3
1461 17 1 10 5 7
1461 5 1 1 19 1
1461 7 1 2 30 2
1461 3 1 1 11 1
1481 3 1 2 11 2
1481 5 1 4 19 3
1481 1 1 1 0 1
1481 6 1 2 14 2
1481 9 1 1 20 1
1481 4 1 1 17 1
1481 23 1 1 11 1
1481 10 1 1 17 1
1481 13 1 2 21 2
1481 28 1 1 0 1
1481 24 1 1 11 1
1481 2 1 1 10 1
1481 18 1 1 12 1
1481 14 1 1 9 1
1481 16 1 1 8 1
1481 20 1 1 12 1
1481 8 1 1 15 1
1481 15 1 1 16 1
1481 26 1 1 15 1
1481 30 1 1 17 1
1481 21 1 1 0 1
1481 12 1 4 4 3
1481 19 1 5 0 4
1481 22 1 1 5 1
1481 27 1 5 0 4
1481 11 1 2 32 2
1481 25 1 11 1 8
1481 29 1 4 0 3
1481 17 1 2 5 2
1481 7 1 1 30 1
1501 9 1 1 20 1
1501 7 1 1 30 1
1501 21 1 1 0 1
1501 30 1 1 17 1
1501 26 1 1 15 1
1501 15 1 1 16 1
1501 8 1 1 15 1
1501 20 1 1 12 1
1501 16 1 1 8 1
1501 14 1 1 9 1
1501 18 1 1 12 1
1501 2 1 1 10 1
1501 24 1 1 11 1
1501 28 1 1 0 1
1501 3 1 4 11 3
1501 5 1 2 19 2
1501 13 1 2 21 2
1501 12 1 2 4 2
1501 19 1 12 0 9
1501 11 1 1 32 1
1501 25 1 7 1 5
1501 29 1 4 0 3
1501 17 1 1 5 1
1501 27 1 5 0 4
1501 6 1 2 14 2
1501 1 1 2 0 2
1501 4 1 1 17 1
1501 23 1 1 11 1
1501 10 1 1 17 1
1501 22 1 4 5 3
1521 10 1 1 17 1
1521 23 1 1 11 1
1521 4 1 1 17 1
1521 17 1 4 5 3
1521 11 1 1 32 1
1521 28 1 1 0 1
1521 24 1 1 11 1
1521 2 1 1 10 1
1521 18 1 1 12 1
1521 14 1 1 9 1
1521 16 1 1 8 1
1521 20 1 1 12 1
1521 8 1 1 15 1
1521 15 1 1 16 1
1521 26 1 1 15 1
1521 30 1 1 17 1
1521 21 1 1 0 1
1521 7 1 1 30 1
1521 9 1 1 20 1
1521 3 1 5 11 4
1521 5 1 2 19 2
1521 13 1 2 21 2
1521 12 1 4 4 3
1521 19 1 12 0 9
1521 25 1 12 1 9
1521 29 1 7 0 5
1521 27 1 4 0 3
1521 6 1 2 14 2
1521 1 1 2 0 2
1521 22 1 4 5 3
1541 9 1 1 20 1
1541 7 1 1 30 1
1541 21 1 1 0 1
1541 30 1 1 17 1
1541 26 1 1 15 1
1541 15 1 1 16 1
1541 8 1 1 15 1
1541 20 1 1 12 1
1541 16 1 1 8 1
1541 14 1 1 9 1
1541 18 1 1 12 1
1541 2 1 1 10 1
1541 24 1 1 11 1
1541 28 1 1 0 1
1541 11 1 1 32 1
1541 4 1 1 17 1
1541 23 1 1 11 1
1541 10 1 1 17 1
1541 17 1 2 5 2
1541 3 1 1 11 1
1541 5 1 5 19 4
1541 13 1 1 21 1
1541 12 1 4 4 3
1541 19 1 17 0 12
1541 25 1 10 1 7
1541 29 1 4 0 3
1541 27 1 4 0 3
1541 6 1 1 14 1
1541 1 1 1 0 1
1541 22 1 7 5 5
1561 1 1 1 0 1
1561 6 1 2 14 2
1561 10 1 1 17 1
1561 23 1 1 11 1
1561 4 1 1 17 1
1561 27 1 5 0 4
1561 22 1 5 5 4
1561 29 1 7 0 5
1561 25 1 1 1 1
1561 19 1 11 0 8
1561 12 1 2 4 2
1561 5 1 4 19 3
1561 17 1 1 5 1
1561 7 1 2 30 2
1561 21 1 1 0 1
1561 30 1 1 17 1
1561 26 1 1 15 1
1561 15 1 1 16 1
1561 8 1 1 15 1
1561 20 1 1 12 1
1561 16 1 1 8 1
1561 14 1 1 9 1
1561 18 1 1 12 1
1561 2 1 1 10 1
1561 24 1 1 11 1
1561 28 1 1 0 1
1561 11 1 4 32 3
1561 3 1 5 11 4
1561 13 1 1 21 1
1561 9 1 1 0 1
1581 9 1 1 0 1
1581 13 1 2 21 2
1581 28 1 1 0 1
1581 24 1 1 11 1
1581 2 1 1 10 1
1581 18 1 1 12 1
1581 14 1 1 9 1
1581 16 1 1 8 1
1581 20 1 1 12 1
1581 8 1 1 15 1
1581 15 1 1 16 1
1581 26 1 1 15 1
1581 30 1 1 17 1
1581 21 1 1 0 1
1581 17 1 4 5 3
1581 25 1 14 1 10
1581 4 1 1 17 1
1581 23 1 1 11 1
1581 10 1 1 17 1
1581 1 1 1 0 1
1581 6 1 2 14 2
1581 27 1 2 0 2
1581 22 1 8 5 6
1581 29 1 5 0 4
1581 19 1 1 0 1
1581 12 1 2 4 2
1581 5 1 5 19 4
1581 7 1 1 30 1
1581 11 1 2 32 2
1581 3 1 5 11 4
1601 7 1 1 30 1
1601 19 1 4 0 3
1601 1 1 1 0 1
1601 10 1 1 17 1
1601 23 1 1 11 1
1601 4 1 1 17 1
1601 21 1 1 0 1
1601 30 1 1 17 1
1601 26 1 1 15 1
1601 15 1 1 16 1
1601 8 1 1 15 1
1601 20 1 1 12 1
1601 16 1 1 8 1
1601 14 1 1 9 1
1601 18 1 1 12 1
1601 2 1 1 10 1
1601 24 1 1 11 1
1601 28 1 1 0 1
1601 9 1 1 0 1
1601 13 1 2 21 2
1601 17 1 2 5 2
1601 25 1 5 1 4
1601 6 1 1 14 1
1601 27 1 1 0 1
1601 22 1 7 5 5
1601 29 1 2 0 2
1601 12 1 4 4 3
1601 5 1 2 19 2
1601 11 1 1 32 1
1601 3 1 1 11 1
1621 3 1 5 11 4
1621 11 1 7 32 5
1621 9 1 1 0 1
1621 28 1 1 0 1
1621 24 1 1 11 1
1621 2 1 1 10 1
1621 18 1 1 12 1
1621 14 1 1 9 1
1621 16 1 1 8 1
1621 20 1 1 12 1
1621 8 1 1 15 1
1621 15 1 1 16 1
1621 26 1 1 15 1
1621 30 1 1 17 1
1621 21 1 1 0 1
1621 7 1 2 30 2
1621 19 1 11 0 8
1621 13 1 1 21 1
1621 17 1 12 5 9
1621 25 1 12 1 9
1621 29 1 2 0 2
1621 12 1 1 4 1
1621 5 1 2 19 2
1621 22 1 10 5 7
1621 1 1 2 0 2
1621 10 1 1 17 1
1621 23 1 1 11 1
1621 4 1 1 17 1
1621 6 1 2 14 2
1621 27 1 1 0 1
1641 27 1 1 0 1
1641 4 1 1 17 1
1641 23 1 1 11 1
1641 10 1 1 17 1
1641 12 1 4 4 3
1641 13 1 2 21 2
1641 21 1 1 0 1
1641 30 1 1 17 1
1641 26 1 1 15 1
1641 15 1 1 16 1
1641 8 1 1 15 1
1641 20 1 1 12 1
1641 16 1 1 8 1
1641 14 1 1 9 1
1641 18 1 1 12 1
1641 2 1 1 10 1
1641 24 1 1 11 1
1641 28 1 1 0 1
1641 9 1 1 0 1
1641 3 1 4 11 3
1641 11 1 5 32 4
1641 7 1 2 30 2
1641 19 1 18 0 13
1641 17 1 12 5 9
1641 25 1 12 1 9
1641 29 1 5 0 4
1641 5 1 1 19 1
1641 22 1 8 5 6
1641 1 1 2 0 2
1641 6 1 1 14 1
1661 6 1 2 14 2
1661 5 1 2 19 2
1661 9 1 1 0 1
1661 28 1 1 0 1
1661 24 1 1 11 1
1661 2 1 1 10 1
1661 18 1 1 12 1
1661 14 1 1 9 1
1661 16 1 1 8 1
1661 20 1 1 12 1
1661 8 1 1 15 1
1661 15 1 1 16 1
1661 26 1 1 15 1
1661 30 1 1 17 1
1661 21 1 1 0 1
1661 10 1 1 17 1
1661 23 1 1 11 1
1661 4 1 1 17 1
1661 27 1 4 0 3
1661 12 1 1 4 1
1661 13 1 2 21 2
1661 3 1 2 11 2
1661 11 1 4 32 3
1661 7 1 2 30 2
1661 19 1 17 0 12
1661 17 1 10 5 7
1661 25 1 4 1 3
1661 29 1 2 0 2
1661 22 1 5 5 4
1661 1 1 2 0 2
1681 4 1 1 17 1
1681 23 1 1 11 1
1681 10 1 1 17 1
1681 6 1 1 14 1
1681 27 1 5 0 4
1681 22 1 1 5 1
1681 1 1 1 0 1
1681 29 1 2 0 2
1681 25 1 14 1 10
1681 17 1 7 5 5
1681 19 1 17 0 12
1681 7 1 4 30 3
1681 11 1 1 32 1
1681 3 1 1 11 1
1681 13 1 1 21 1
1681 5 1 2 19 2
1681 9 1 1 0 1
1681 28 1 1 0 1
1681 24 1 1 11 1
1681 2 1 1 10 1
1681 18 1 1 12 1
1681 14 1 1 9 1
1681 16 1 1 8 1
1681 20 1 1 12 1
1681 8 1 1 15 1
1681 15 1 1 16 1
1681 26 1 1 15 1
1681 30 1 1 17 1
1681 21 1 1 0 1
1681 12 1 1 4 1
1701 12 1 4 4 3
1701 21 1 1 0 1
1701 30 1 1 17 1
1701 26 1 1 15 1
1701 15 1 1 16 1
1701 8 1 1 15 1
1701 20 1 1 12 1
1701 16 1 1 8 1
1701 14 1 1 9 1
1701 18 1 1 12 1
1701 2 1 1 10 1
1701 24 1 1 11 1
1701 28 1 1 0 1
1701 9 1 1 0 1
1701 13 1 2 21 2
1701 3 1 2 11 2
1701 11 1 5 32 4
1701 1 1 1 0 1
1701 22 1 7 5 5
1701 6 1 1 14 1
1701 10 1 1 17 1
1701 23 1 1 11 1
1701 4 1 1 17 1
1701 27 1 1 0 1
1701 29 1 4 0 3
1701 25 1 14 1 10
1701 17 1 1 5 1
1701 19 1 7 0 5
1701 7 1 1 30 1
1701 5 1 1 19 1
1721 5 1 2 19 2
1721 7 1 2 30 2
1721 17 1 5 5 4
1721 27 1 4 0 3
1721 4 1 1 17 1
1721 23 1 1 11 1
1721 10 1 1 17 1
1721 6 1 1 14 1
1721 1 1 1 0 1
1721 9 1 1 0 1
1721 28 1 1 0 1
1721 24 1 1 11 1
1721 2 1 1 10 1
1721 18 1 1 12 1
1721 14 1 1 9 1
1721 16 1 1 8 1
1721 20 1 1 12 1
1721 8 1 1 15 1
1721 15 1 1 16 1
1721 26 1 1 15 1
1721 30 1 1 17 1
1721 21 1 1 0 1
1721 12 1 2 4 2
1721 13 1 2 21 2
1721 3 1 2 11 2
1721 11 1 5 32 4
1721 22 1 8 5 6
1721 29 1 7 0 5
1721 25 1 10 1 7
1721 19 1 7 0 5
1741 21 1 1 0 1
1741 30 1 1 17 1
1741 26 1 1 15 1
1741 15 1 1 16 1
1741 8 1 1 15 1
1741 20 1 1 12 1
1741 16 1 1 8 1
1741 14 1 1 9 1
1741 18 1 1 12 1
1741 2 1 1 10 1
1741 24 1 1 11 1
1741 28 1 1 0 1
1741 9 1 1 0 1
1741 5 1 2 19 2
1741 7 1 2 30 2
1741 17 1 10 5 7
1741 12 1 4 4 3
1741 13 1 1 21 1
1741 3 1 4 11 3
1741 11 1 7 32 5
1741 29 1 2 0 2
1741 25 1 14 1 10
1741 19 1 4 0 3
1741 22 1 10 5 7
1741 27 1 1 0 1
1741 4 1 1 17 1
1741 23 1 1 11 1
1741 10 1 1 17 1
1741 6 1 2 14 2
1741 1 1 1 0 1
1761 1 1 2 0 2
1761 10 1 1 17 1
1761 23 1 1 11 1
1761 4 1 1 17 1
1761 27 1 5 0 4
1761 13 1 1 21 1
1761 9 1 1 0 1
1761 28 1 1 0 1
1761 24 1 1 11 1
1761 2 1 1 10 1
1761 18 1 1 12 1
1761 14 1 1 9 1
1761 16 1 1 8 1
1761 20 1 1 12 1
1761 8 1 1 15 1
1761 15 1 1 16 1
1761 26 1 1 15 1
1761 30 1 1 17 1
1761 21 1 1 0 1
1761 5 1 2 19 2
1761 7 1 1 30 1
1761 17 1 5 5 4
1761 12 1 4 4 3
1761 3 1 2 11 2
1761 11 1 7 32 5
1761 29 1 5 0 4
1761 25 1 8 1 6
1761 19 1 4 0 3
1761 22 1 5 5 4
1761 6 1 2 14 2
1781 7 1 4 30 3
1781 21 1 1 0 1
1781 30 1 1 17 1
1781 26 1 1 15 1
1781 15 1 1 16 1
1781 8 1 1 15 1
1781 20 1 1 12 1
1781 16 1 1 8 1
1781 14 1 1 9 1
1781 18 1 1 12 1
1781 2 1 1 10 1
1781 24 1 1 11 1
1781 28 1 1 0 1
1781 9 1 1 0 1
1781 13 1 1 21 1
1781 4 1 1 17 1
1781 23 1 1 11 1
1781 10 1 1 17 1
1781 1 1 1 0 1
1781 27 1 4 0 3
1781 5 1 1 19 1
1781 17 1 8 5 6
1781 12 1 4 4 3
1781 3 1 1 11 1
1781 11 1 1 32 1
1781 29 1 7 0 5
1781 25 1 1 1 1
1781 19 1 8 0 6
1781 22 1 4 5 3
1781 6 1 2 14 2
1801 1 1 1 0 1
1801 10 1 1 17 1
1801 23 1 1 11 1
1801 4 1 1 17 1
1801 27 1 1 0 1
1801 22 1 4 5 3
1801 6 1 2 14 2
1801 19 1 7 0 5
1801 29 1 4 0 3
1801 12 1 5 4 4
1801 17 1 10 5 7
1801 7 1 1 30 1
1801 21 1 1 0 1
1801 30 1 1 17 1
1801 26 1 1 15 1
1801 15 1 1 16 1
1801 8 1 1 15 1
1801 20 1 1 12 1
1801 16 1 1 8 1
1801 14 1 1 9 1
1801 18 1 1 12 1
1801 2 1 1 10 1
1801 24 1 1 11 1
1801 28 1 1 0 1
1801 9 1 1 0 1
1801 13 1 1 21 1
1801 5 1 2 19 2
1801 3 1 1 11 1
1801 11 1 5 32 4
1801 25 1 4 1 3
1821 3 1 1 11 1
1821 13 1 1 21 1
1821 9 1 1 0 1
1821 28 1 1 0 1
1821 24 1 1 11 1
1821 2 1 1 10 1
1821 18 1 1 12 1
1821 14 1 1 9 1
1821 16 1 1 8 1
1821 20 1 1 12 1
1821 8 1 1 15 1
1821 15 1 1 16 1
1821 26 1 1 15 1
1821 30 1 1 17 1
1821 21 1 1 0 1
1821 7 1 1 30 1
1821 27 1 2 0 2
1821 4 1 1 17 1
1821 23 1 1 11 1
1821 10 1 1 17 1
1821 1 1 1 0 1
1821 22 1 1 5 1
1821 6 1 1 14 1
1821 19 1 14 0 10
1821 29 1 1 0 1
1821 12 1 1 4 1
1821 17 1 4 5 3
1821 5 1 4 19 3
1821 11 1 1 32 1
1821 25 1 11 1 8
1841 11 1 2 32 2
1841 12 1 2 4 2
1841 29 1 2 0 2
1841 6 1 2 14 2
1841 22 1 7 5 5
1841 1 1 1 0 1
1841 10 1 1 17 1
1841 23 1 1 11 1
1841 4 1 1 17 1
1841 7 1 1 30 1
1841 21 1 1 0 1
1841 30 1 1 17 1
1841 26 1 1 15 1
1841 15 1 1 16 1
1841 8 1 1 15 1
1841 20 1 1 12 1
1841 16 1 1 8 1
1841 14 1 1 9 1
1841 18 1 1 12 1
1841 2 1 1 10 1
1841 24 1 1 11 1
1841 28 1 1 0 1
1841 9 1 1 0 1
1841 13 1 2 21 2
1841 3 1 5 11 4
1841 27 1 5 0 4
1841 19 1 11 0 8
1841 17 1 10 5 7
1841 5 1 4 19 3
1841 25 1 5 1 4
1861 9 1 1 0 1
1861 28 1 1 0 1
1861 24 1 1 11 1
1861 2 1 1 10 1
1861 18 1 1 12 1
1861 14 1 1 9 1
1861 16 1 1 8 1
1861 20 1 1 12 1
1861 8 1 1 15 1
1861 15 1 1 16 1
1861 26 1 1 15 1
1861 30 1 1 17 1
1861 21 1 1 0 1
1861 7 1 4 30 3
1861 11 1 1 32 1
1861 12 1 2 4 2
1861 29 1 1 0 1
1861 13 1 1 21 1
1861 3 1 4 11 3
1861 19 1 11 0 8
1861 17 1 8 5 6
1861 5 1 4 19 3
1861 25 1 14 1 10
1861 27 1 1 0 1
1861 22 1 1 5 1
1861 6 1 1 14 1
1861 1 1 1 0 1
1861 10 1 1 17 1
1861 23 1 1 11 1
1861 4 1 1 17 1
1881 4 1 1 17 1
1881 23 1 1 11 1
1881 10 1 1 17 1
1881 1 1 2 0 2
1881 6 1 1 14 1
1881 22 1 5 5 4
1881 27 1 4 0 3
1881 13 1 1 21 1
1881 29 1 5 0 4
1881 11 1 1 32 1
1881 21 1 1 0 1
1881 30 1 1 17 1
1881 26 1 1 15 1
1881 15 1 1 16 1
1881 8 1 1 15 1
1881 20 1 1 12 1
1881 16 1 1 8 1
1881 14 1 1 9 1
1881 18 1 1 12 1
1881 2 1 1 10 1
1881 24 1 1 11 1
1881 28 1 1 0 1
1881 9 1 1 0 1
1881 7 1 4 30 3
1881 12 1 5 4 4
1881 3 1 1 11 1
1881 19 1 12 0 9
1881 17 1 8 5 6
1881 5 1 1 19 1
1881 25 1 14 1 10
1901 5 1 1 19 1
1901 3 1 2 11 2
1901 9 1 1 0 1
1901 28 1 1 0 1
1901 24 1 1 11 1
1901 2 1 1 10 1
1901 18 1 1 12 1
1901 14 1 1 9 1
1901 16 1 1 8 1
1901 20 1 1 12 1
1901 8 1 1 15 1
1901 15 1 1 16 1
1901 26 1 1 15 1
1901 30 1 1 17 1
1901 21 1 1 0 1
1901 11 1 7 32 5
1901 13 1 2 21 2
1901 6 1 2 14 2
1901 10 1 1 17 1
1901 23 1 1 11 1
1901 4 1 1 17 1
1901 1 1 2 0 2
1901 22 1 5 5 4
1901 27 1 1 0 1
1901 29 1 5 0 4
1901 7 1 1 30 1
1901 12 1 1 4 1
1901 19 1 2 0 2
1901 17 1 12 5 9
1901 25 1 11 1 8
1921 27 1 4 0 3
1921 4 1 1 17 1
1921 23 1 1 11 1
1921 10 1 1 17 1
1921 6 1 2 14 2
1921 1 1 1 0 1
1921 22 1 1 5 1
1921 25 1 14 1 10
1921 17 1 10 5 7
1921 19 1 10 0 7
1921 29 1 1 0 1
1921 13 1 1 21 1
1921 11 1 1 32 1
1921 3 1 5 11 4
1921 5 1 5 19 4
1921 9 1 1 0 1
1921 28 1 1 0 1
1921 24 1 1 11 1
1921 2 1 1 10 1
1921 18 1 1 12 1
1921 14 1 1 9 1
1921 16 1 1 8 1
1921 20 1 1 12 1
1921 8 1 1 15 1
1921 15 1 1 16 1
1921 26 1 1 15 1
1921 30 1 1 17 1
1921 21 1 1 0 1
1921 7 1 1 30 1
1921 12 1 5 4 4
1941 7 1 1 30 1
1941 21 1 1 0 1
1941 30 1 1 17 1
1941 26 1 1 15 1
1941 15 1 1 16 1
1941 8 1 1 15 1
1941 20 1 1 12 1
1941 16 1 1 8 1
1941 14 1 1 9 1
1941 18 1 1 12 1
1941 2 1 1 10 1
1941 24 1 1 11 1
1941 28 1 1 0 1
1941 9 1 1 0 1
1941 11 1 4 32 3
1941 13 1 1 21 1
1941 29 1 2 0 2
1941 22 1 1 5 1
1941 1 1 1 0 1
1941 10 1 1 17 1
1941 23 1 1 11 1
1941 4 1 1 17 1
1941 27 1 4 0 3
1941 6 1 1 14 1
1941 25 1 12 1 9
1941 17 1 2 5 2
1941 19 1 2 0 2
1941 3 1 2 11 2
1941 5 1 4 19 3
1941 12 1 4 4 3
1961 6 1 2 14 2
1961 4 1 1 17 1
1961 23 1 1 11 1
1961 10 1 1 17 1
1961 1 1 2 0 2
1961 22 1 1 5 1
1961 13 1 2 21 2
1961 9 1 1 0 1
1961 28 1 1 0 1
1961 24 1 1 11 1
1961 2 1 1 10 1
1961 18 1 1 12 1
1961 14 1 1 9 1
1961 16 1 1 8 1
1961 20 1 1 12 1
1961 8 1 1 15 1
1961 15 1 1 16 1
1961 26 1 1 15 1
1961 30 1 1 17 1
1961 21 1 1 0 1
1961 7 1 4 30 3
1961 11 1 7 32 5
1961 29 1 4 0 3
1961 27 1 4 0 3
1961 25 1 10 1 7
1961 17 1 1 5 1
1961 19 1 17 0 12
1961 3 1 4 11 3
1961 5 1 5 19 4
1961 12 1 1 4 1
1981 12 1 5 4 4
1981 17 1 2 5 2
1981 21 1 1 0 1
1981 30 1 1 17 1
1981 26 1 1 15 1
1981 15 1 1 16 1
1981 8 1 1 15 1
1981 20 1 1 12 1
1981 16 1 1 8 1
1981 14 1 1 9 1
1981 18 1 1 12 1
1981 2 1 1 10 1
1981 24 1 1 11 1
1981 28 1 1 0 1
1981 9 1 1 0 1
1981 13 1 2 21 2
1981 7 1 4 30 3
1981 11 1 4 32 3
1981 29 1 2 0 2
1981 25 1 10 1 7
1981 19 1 17 0 12
1981 3 1 1 11 1
1981 5 1 5 19 4
1981 27 1 5 0 4
1981 1 1 1 0 1
1981 6 1 1 14 1
1981 4 1 1 17 1
1981 23 1 1 11 1
1981 10 1 1 17 1
1981 22 1 10 5 7
2001 10 1 1 17 1
2001 23 1 1 11 1
2001 4 1 1 17 1
2001 6 1 1 14 1
2001 1 1 2 0 2
2001 3 1 1 11 1
2001 9 1 1 0 1
2001 28 1 1 0 1
2001 24 1 1 11 1
2001 2 1 1 10 1
2001 18 1 1 12 1
2001 14 1 1 9 1
2001 16 1 1 8 1
2001 20 1 1 12 1
2001 8 1 1 15 1
2001 15 1 1 16 1
2001 26 1 1 15 1
2001 30 1 1 17 1
2001 21 1 1 0 1
2001 12 1 4 4 3
2001 17 1 8 5 6
2001 13 1 2 21 2
2001 7 1 1 30 1
2001 11 1 4 32 3
2001 29 1 1 0 1
2001 25 1 2 1 2
2001 19 1 5 0 4
2001 5 1 1 19 1
2001 27 1 2 0 2
2001 22 1 5 5 4
2021 5 1 4 19 3
2021 29 1 4 0 3
2021 7 1 4 30 3
2021 21 1 1 0 1
2021 30 1 1 17 1
2021 26 1 1 15 1
2021 15 1 1 16 1
2021 8 1 1 15 1
2021 20 1 1 12 1
2021 16 1 1 8 1
2021 14 1 1 9 1
2021 18 1 1 12 1
2021 2 1 1 10 1
2021 24 1 1 11 1
2021 28 1 1 0 1
2021 9 1 1 0 1
2021 3 1 5 11 4
2021 6 1 2 14 2
2021 4 1 1 17 1
2021 23 1 1 11 1
2021 10 1 1 17 1
2021 1 1 2 0 2
2021 12 1 4 4 3
2021 17 1 1 5 1
2021 13 1 2 21 2
2021 11 1 2 32 2
2021 25 1 4 1 3
2021 19 1 18 0 13
2021 27 1 1 0 1
2021 22 1 4 5 3
2041 27 1 4 0 3
2041 10 1 1 17 1
2041 23 1 1 11 1
2041 4 1 1 17 1
2041 6 1 2 14 2
2041 1 1 2 0 2
2041 22 1 1 5 1
2041 19 1 18 0 13
2041 25 1 14 1 10
2041 11 1 5 32 4
2041 13 1 2 21 2
2041 12 1 1 4 1
2041 3 1 2 11 2
2041 7 1 2 30 2
2041 29 1 4 0 3
2041 5 1 1 19 1
2041 21 1 1 0 1
2041 30 1 1 17 1
2041 26 1 1 15 1
2041 15 1 1 16 1
2041 8 1 1 15 1
2041 20 1 1 12 1
2041 16 1 1 8 1
2041 14 1 1 9 1
2041 18 1 1 12 1
2041 2 1 1 10 1
2041 24 1 1 11 1
2041 28 1 1 0 1
2041 9 1 1 0 1
2041 17 1 7 5 5
2061 9 1 1 0 1
2061 28 1 1 0 1
2061 24 1 1 11 1
2061 2 1 1 10 1
2061 18 1 1 12 1
2061 14 1 1 9 1
2061 16 1 1 8 1
2061 20 1 1 12 1
2061 8 1 1 15 1
2061 15 1 1 16 1
2061 26 1 1 15 1
2061 30 1 1 17 1
2061 21 1 1 0 1
2061 5 1 2 19 2
2061 12 1 1 4 1
2061 22 1 7 5 5
2061 4 1 1 17 1
2061 23 1 1 11 1
2061 10 1 1 17 1
2061 27 1 1 0 1
2061 6 1 2 14 2
2061 1 1 1 0 1
2061 19 1 7 0 5
2061 25 1 8 1 6
2061 11 1 4 32 3
2061 13 1 2 21 2
2061 3 1 4 11 3
2061 7 1 2 30 2
2061 29 1 7 0 5
2061 17 1 10 5 7
2081 1 1 2 0 2
2081 27 1 4 0 3
2081 10 1 1 17 1
2081 23 1 1 11 1
2081 4 1 1 17 1
2081 12 1 1 4 1
2081 21 1 1 0 1
2081 30 1 1 17 1
2081 26 1 1 15 1
2081 15 1 1 16 1
2081 8 1 1 15 1
2081 20 1 1 12 1
2081 16 1 1 8 1
2081 14 1 1 9 1
2081 18 1 1 12 1
2081 2 1 1 10 1
2081 24 1 1 11 1
2081 28 1 1 0 1
2081 9 1 1 0 1
2081 5 1 5 19 4
2081 22 1 2 5 2
2081 6 1 2 14 2
2081 19 1 10 0 7
2081 25 1 2 1 2
2081 11 1 4 32 3
2081 13 1 1 21 1
2081 3 1 4 11 3
2081 7 1 2 30 2
2081 29 1 7 0 5
2081 17 1 5 5 4
2101 13 1 2 21 2
2101 9 1 1 0 1
2101 28 1 1 0 1
2101 24 1 1 11 1
2101 2 1 1 10 1
2101 18 1 1 12 1
2101 14 1 1 9 1
2101 16 1 1 8 1
2101 20 1 1 12 1
2101 8 1 1 15 1
2101 15 1 1 16 1
2101 26 1 1 15 1
2101 30 1 1 17 1
2101 21 1 1 0 1
2101 12 1 1 4 1
2101 5 1 2 19 2
2101 19 1 15 0 11
2101 25 1 4 1 3
2101 11 1 7 32 5
2101 3 1 5 11 4
2101 7 1 2 30 2
2101 29 1 4 0 3
2101 17 1 1 5 1
2101 6 1 2 14 2
2101 22 1 8 5 6
2101 27 1 2 0 2
2101 1 1 2 0 2
2101 10 1 1 17 1
2101 23 1 1 11 1
2101 4 1 1 17 1
2121 4 1 1 17 1
2121 23 1 1 11 1
2121 10 1 1 17 1
2121 17 1 10 5 7
2121 12 1 5 4 4
2121 21 1 1 0 1
2121 30 1 1 17 1
2121 26 1 1 15 1
2121 15 1 1 16 1
2121 8 1 1 15 1
2121 20 1 1 12 1
2121 16 1 1 8 1
2121 14 1 1 9 1
2121 18 1 1 12 1
2121 2 1 1 10 1
2121 24 1 1 11 1
2121 28 1 1 0 1
2121 9 1 1 0 1
2121 13 1 1 21 1
2121 5 1 4 19 3
2121 19 1 4 0 3
2121 25 1 11 1 8
2121 11 1 2 32 2
2121 3 1 2 11 2
2121 7 1 1 30 1
2121 29 1 5 0 4
2121 6 1 2 14 2
2121 22 1 7 5 5
2121 27 1 5 0 4
2121 1 1 2 0 2
2141 7 1 4 30 3
2141 13 1 1 21 1
2141 9 1 1 0 1
2141 28 1 1 0 1
2141 24 1 1 11 1
2141 2 1 1 10 1
2141 18 1 1 12 1
2141 14 1 1 9 1
2141 16 1 1 8 1
2141 20 1 1 12 1
2141 8 1 1 15 1
2141 15 1 1 16 1
2141 26 1 1 15 1
2141 30 1 1 17 1
2141 21 1 1 0 1
2141 10 1 1 17 1
2141 23 1 1 11 1
2141 4 1 1 17 1
2141 17 1 4 5 3
2141 12 1 2 4 2
2141 5 1 5 19 4
2141 19 1 12 0 9
2141 25 1 2 1 2
2141 11 1 1 32 1
2141 3 1 1 11 1
2141 29 1 1 0 1
2141 6 1 2 14 2
2141 22 1 7 5 5
2141 27 1 2 0 2
2141 1 1 1 0 1
2161 1 1 2 0 2
2161 4 1 1 17 1
2161 23 1 1 11 1
2161 10 1 1 17 1
2161 6 1 2 14 2
2161 22 1 5 5 4
2161 27 1 5 0 4
2161 25 1 7 1 5
2161 19 1 15 0 11
2161 5 1 4 19 3
2161 12 1 5 4 4
2161 17 1 8 5 6
2161 7 1 2 30 2
2161 13 1 1 21 1
2161 9 1 1 0 1
2161 28 1 1 0 1
2161 24 1 1 11 1
2161 2 1 1 10 1
2161 18 1 1 12 1
2161 14 1 1 9 1
2161 16 1 1 8 1
2161 20 1 1 12 1
2161 8 1 1 15 1
2161 15 1 1 16 1
2161 26 1 1 15 1
2161 30 1 1 17 1
2161 21 1 1 0 1
2161 11 1 5 32 4
2161 3 1 2 11 2
2161 29 1 5 0 4
2181 21 1 1 0 1
2181 30 1 1 17 1
2181 26 1 1 15 1
2181 15 1 1 16 1
2181 8 1 1 15 1
2181 20 1 1 12 1
2181 16 1 1 8 1
2181 14 1 1 9 1
2181 18 1 1 12 1
2181 2 1 1 10 1
2181 24 1 1 11 1
2181 28 1 1 0 1
2181 9 1 1 0 1
2181 13 1 1 21 1
2181 10 1 1 17 1
2181 23 1 1 11 1
2181 4 1 1 17 1
2181 1 1 2 0 2
2181 6 1 1 14 1
2181 22 1 8 5 6
2181 27 1 5 0 4
2181 25 1 11 1 8
2181 19 1 8 0 6
2181 5 1 5 19 4
2181 12 1 1 4 1
2181 17 1 11 5 8
2181 7 1 1 30 1
2181 11 1 4 32 3
2181 3 1 1 11 1
2181 29 1 2 0 2
2201 3 1 1 11 1
2201 7 1 4 30 3
2201 12 1 2 4 2
2201 6 1 2 14 2
2201 4 1 1 17 1
2201 23 1 1 11 1
2201 10 1 1 17 1
2201 13 1 1 21 1
2201 9 1 1 0 1
2201 28 1 1 0 1
2201 24 1 1 11 1
2201 2 1 1 10 1
2201 18 1 1 12 1
2201 14 1 1 9 1
2201 16 1 1 8 1
2201 20 1 1 12 1
2201 8 1 1 15 1
2201 15 1 1 16 1
2201 26 1 1 15 1
2201 30 1 1 17 1
2201 21 1 1 0 1
2201 1 1 1 0 1
2201 22 1 8 5 6
2201 27 1 2 0 2
2201 25 1 8 1 6
2201 19 1 11 0 8
2201 5 1 2 19 2
2201 17 1 11 5 8
2201 11 1 4 32 3
2201 29 1 5 0 4
2221 21 1 1 0 1
2221 30 1 1 17 1
2221 26 1 1 15 1
2221 15 1 1 16 1
2221 8 1 1 15 1
2221 20 1 1 12 1
2221 16 1 1 8 1
2221 14 1 1 9 1
2221 18 1 1 12 1
2221 2 1 1 10 1
2221 24 1 1 11 1
2221 28 1 1 0 1
2221 9 1 1 0 1
2221 13 1 1 21 1
2221 3 1 2 11 2
2221 7 1 1 30 1
2221 12 1 4 4 3
2221 25 1 5 1 4
2221 19 1 4 0 3
2221 5 1 1 19 1
2221 17 1 7 5 5
2221 11 1 5 32 4
2221 29 1 5 0 4
2221 27 1 1 0 1
2221 22 1 2 5 2
2221 6 1 2 14 2
2221 4 1 1 17 1
2221 23 1 1 11 1
2221 10 1 1 17 1
2221 1 1 2 0 2
2241 10 1 1 17 1
2241 23 1 1 11 1
2241 4 1 1 17 1
2241 27 1 5 0 4
2241 5 1 5 19 4
2241 7 1 4 30 3
2241 13 1 1 21 1
2241 9 1 1 0 1
2241 28 1 1 0 1
2241 24 1 1 11 1
2241 2 1 1 10 1
2241 18 1 1 12 1
2241 14 1 1 9 1
2241 16 1 1 8 1
2241 20 1 1 12 1
2241 8 1 1 15 1
2241 15 1 1 16 1
2241 26 1 1 15 1
2241 30 1 1 17 1
2241 21 1 1 0 1
2241 3 1 4 11 3
2241 12 1 5 4 4
2241 25 1 8 1 6
2241 19 1 10 0 7
2241 17 1 5 5 4
2241 11 1 5 32 4
2241 29 1 5 0 4
2241 22 1 10 5 7
2241 6 1 2 14 2
2241 1 1 1 0 1
2261 1 1 1 0 1
2261 21 1 1 0 1
2261 30 1 1 17 1
2261 26 1 1 15 1
2261 15 1 1 16 1
2261 8 1 1 15 1
2261 20 1 1 12 1
2261 16 1 1 8 1
2261 14 1 1 9 1
2261 18 1 1 12 1
2261 2 1 1 10 1
2261 24 1 1 11 1
2261 28 1 1 0 1
2261 9 1 1 0 1
2261 13 1 1 21 1
2261 4 1 1 17 1
2261 23 1 1 11 1
2261 10 1 1 17 1
2261 27 1 4 0 3
2261 5 1 5 19 4
2261 7 1 2 30 2
2261 3 1 5 11 4
2261 12 1 1 4 1
2261 25 1 4 1 3
2261 19 1 2 0 2
2261 17 1 10 5 7
2261 11 1 2 32 2
2261 29 1 5 0 4
2261 22 1 5 5 4
2261 6 1 2 14 2
2281 10 1 1 17 1
2281 23 1 1 11 1
2281 4 1 1 17 1
2281 1 1 2 0 2
2281 27 1 4 0 3
2281 22 1 2 5 2
2281 6 1 1 14 1
2281 29 1 1 0 1
2281 11 1 4 32 3
2281 17 1 10 5 7
2281 19 1 4 0 3
2281 25 1 1 1 1
2281 3 1 2 11 2
2281 7 1 4 30 3
2281 5 1 5 19 4
2281 21 1 1 0 1
2281 30 1 1 17 1
2281 26 1 1 15 1
2281 15 1 1 16 1
2281 8 1 1 15 1
2281 20 1 1 12 1
2281 16 1 1 8 1
2281 14 1 1 9 1
2281 18 1 1 12 1
2281 2 1 1 10 1
2281 24 1 1 11 1
2281 28 1 1 0 1
2281 9 1 1 0 1
2281 13 1 2 21 2
2281 12 1 2 4 2
2301 9 1 1 0 1
2301 28 1 1 0 1
2301 24 1 1 11 1
2301 2 1 1 10 1
2301 18 1 1 12 1
2301 14 1 1 9 1
2301 16 1 1 8 1
2301 20 1 1 12 1
2301 8 1 1 15 1
2301 15 1 1 16 1
2301 26 1 1 15 1
2301 30 1 1 17 1
2301 21 1 1 0 1
2301 25 1 10 1 7
2301 29 1 4 0 3
2301 6 1 1 14 1
2301 4 1 1 17 1
2301 23 1 1 11 1
2301 10 1 1 17 1
2301 1 1 2 0 2
2301 27 1 2 0 2
2301 22 1 8 5 6
2301 11 1 2 32 2
2301 17 1 12 5 9
2301 19 1 8 0 6
2301 3 1 2 11 2
2301 7 1 1 30 1
2301 5 1 2 19 2
2301 13 1 2 21 2
2301 12 1 5 4 4
2321 7 1 1 30 1
2321 10 1 1 17 1
2321 23 1 1 11 1
2321 4 1 1 17 1
2321 6 1 2 14 2
2321 21 1 1 0 1
2321 30 1 1 17 1
2321 26 1 1 15 1
2321 15 1 1 16 1
2321 8 1 1 15 1
2321 20 1 1 12 1
2321 16 1 1 8 1
2321 14 1 1 9 1
2321 18 1 1 12 1
2321 2 1 1 10 1
2321 24 1 1 11 1
2321 28 1 1 0 1
2321 9 1 1 0 1
2321 25 1 4 1 3
2321 29 1 7 0 5
2321 1 1 2 0 2
2321 27 1 4 0 3
2321 22 1 5 5 4
2321 11 1 5 32 4
2321 17 1 11 5 8
2321 19 1 8 0 6
2321 3 1 2 11 2
2321 5 1 4 19 3
2321 13 1 2 21 2
2321 12 1 5 4 4
2341 9 1 1 0 1
2341 28 1 1 0 1
2341 24 1 1 11 1
2341 2 1 1 10 1
2341 18 1 1 12 1
2341 14 1 1 9 1
2341 16 1 1 8 1
2341 20 1 1 12 1
2341 8 1 1 15 1
2341 15 1 1 16 1
2341 26 1 1 15 1
2341 30 1 1 17 1
2341 21 1 1 0 1
2341 7 1 1 30 1
2341 25 1 8 1 6
2341 29 1 2 0 2
2341 11 1 4 32 3
2341 17 1 4 5 3
2341 19 1 15 0 11
2341 3 1 1 11 1
2341 5 1 2 19 2
2341 13 1 1 21 1
2341 12 1 4 4 3
2341 22 1 4 5 3
2341 27 1 5 0 4
2341 1 1 1 0 1
2341 6 1 2 14 2
2341 10 1 1 17 1
2341 23 1 1 11 1
2341 4 1 1 17 1
2361 4 1 1 17 1
2361 23 1 1 11 1
2361 10 1 1 17 1
2361 1 1 2 0 2
2361 13 1 1 21 1
2361 3 1 2 11 2
2361 7 1 1 30 1
2361 21 1 1 0 1
2361 30 1 1 17 1
2361 26 1 1 15 1
2361 15 1 1 16 1
2361 8 1 1 15 1
2361 20 1 1 12 1
2361 16 1 1 8 1
2361 14 1 1 9 1
2361 18 1 1 12 1
2361 2 1 1 10 1
2361 24 1 1 11 1
2361 28 1 1 0 1
2361 9 1 1 0 1
2361 25 1 11 1 8
2361 29 1 1 0 1
2361 11 1 2 32 2
2361 17 1 1 5 1
2361 19 1 5 0 4
2361 5 1 1 19 1
2361 12 1 4 4 3
2361 22 1 10 5 7
2361 27 1 1 0 1
2361 6 1 1 14 1
2381 6 1 2 14 2
2381 27 1 5 0 4
2381 5 1 2 19 2
2381 17 1 4 5 3
2381 29 1 1 0 1
2381 9 1 1 0 1
2381 28 1 1 0 1
2381 24 1 1 11 1
2381 2 1 1 10 1
2381 18 1 1 12 1
2381 14 1 1 9 1
2381 16 1 1 8 1
2381 20 1 1 12 1
2381 8 1 1 15 1
2381 15 1 1 16 1
2381 26 1 1 15 1
2381 30 1 1 17 1
2381 21 1 1 0 1
2381 7 1 1 30 1
2381 13 1 2 21 2
2381 10 1 1 17 1
2381 23 1 1 11 1
2381 4 1 1 17 1
2381 1 1 1 0 1
2381 3 1 4 11 3
2381 25 1 1 1 1
2381 11 1 5 32 4
2381 19 1 18 0 13
2381 12 1 5 4 4
2381 22 1 1 5 1
2401 22 1 5 5 4
2401 1 1 1 0 1
2401 4 1 1 17 1
2401 23 1 1 11 1
2401 10 1 1 17 1
2401 6 1 2 14 2
2401 27 1 4 0 3
2401 12 1 4 4 3
2401 19 1 5 0 4
2401 11 1 7 32 5
2401 3 1 1 11 1
2401 13 1 1 21 1
2401 17 1 1 5 1
2401 5 1 4 19 3
2401 29 1 5 0 4
2401 9 1 1 0 1
2401 28 1 1 0 1
2401 24 1 1 11 1
2401 2 1 1 10 1
2401 18 1 1 12 1
2401 14 1 1 9 1
2401 16 1 1 8 1
2401 20 1 1 12 1
2401 8 1 1 15 1
2401 15 1 1 16 1
2401 26 1 1 15 1
2401 30 1 1 17 1
2401 21 1 1 0 1
2401 7 1 2 30 2
2401 25 1 5 1 4
2421 21 1 1 0 1
2421 30 1 1 17 1
2421 26 1 1 15 1
2421 15 1 1 16 1
2421 8 1 1 15 1
2421 20 1 1 12 1
2421 16 1 1 8 1
2421 14 1 1 9 1
2421 18 1 1 12 1
2421 2 1 1 10 1
2421 24 1 1 11 1
2421 28 1 1 0 1
2421 9 1 1 0 1
2421 17 1 1 5 1
2421 13 1 2 21 2
2421 3 1 2 11 2
2421 10 1 1 17 1
2421 23 1 1 11 1
2421 4 1 1 17 1
2421 1 1 2 0 2
2421 22 1 4 5 3
2421 6 1 1 14 1
2421 27 1 2 0 2
2421 12 1 5 4 4
2421 19 1 1 0 1
2421 11 1 5 32 4
2421 5 1 4 19 3
2421 29 1 2 0 2
2421 7 1 1 30 1
2421 25 1 7 1 5
2441 7 1 4 30 3
2441 19 1 11 0 8
2441 6 1 2 14 2
2441 4 1 1 17 1
2441 23 1 1 11 1
2441 10 1 1 17 1
2441 17 1 12 5 9
2441 9 1 1 0 1
2441 28 1 1 0 1
2441 24 1 1 11 1
2441 2 1 1 10 1
2441 18 1 1 12 1
2441 14 1 1 9 1
2441 16 1 1 8 1
2441 20 1 1 12 1
2441 8 1 1 15 1
2441 15 1 1 16 1
2441 26 1 1 15 1
2441 30 1 1 17 1
2441 21 1 1 0 1
2441 13 1 2 21 2
2441 3 1 4 11 3
2441 1 1 2 0 2
2441 22 1 2 5 2
2441 27 1 4 0 3
2441 12 1 2 4 2
2441 11 1 2 32 2
2441 5 1 1 19 1
2441 29 1 7 0 5
2441 25 1 8 1 6
2461 5 1 2 19 2
2461 21 1 1 0 1
2461 30 1 1 17 1
2461 26 1 1 15 1
2461 15 1 1 16 1
2461 8 1 1 15 1
2461 20 1 1 12 1
2461 16 1 1 8 1
2461 14 1 1 9 1
2461 18 1 1 12 1
2461 2 1 1 10 1
2461 24 1 1 11 1
2461 28 1 1 0 1
2461 9 1 1 0 1
2461 7 1 1 30 1
2461 19 1 2 0 2
2461 17 1 11 5 8
2461 13 1 1 21 1
2461 3 1 4 11 3
2461 12 1 5 4 4
2461 11 1 1 32 1
2461 29 1 5 0 4
2461 25 1 4 1 3
2461 27 1 5 0 4
2461 22 1 8 5 6
2461 1 1 1 0 1
2461 6 1 1 14 1
2461 4 1 1 17 1
2461 23 1 1 11 1
2461 10 1 1 17 1
2481 10 1 1 17 1
2481 23 1 1 11 1
2481 4 1 1 17 1
2481 6 1 2 14 2
2481 1 1 2 0 2
2481 11 1 7 32 5
2481 13 1 1 21 1
2481 7 1 2 30 2
2481 9 1 1 0 1
2481 28 1 1 0 1
2481 24 1 1 11 1
2481 2 1 1 10 1
2481 18 1 1 12 1
2481 14 1 1 9 1
2481 16 1 1 8 1
2481 20 1 1 12 1
2481 8 1 1 15 1
2481 15 1 1 16 1
2481 26 1 1 15 1
2481 30 1 1 17 1
2481 21 1 1 0 1
2481 5 1 5 19 4
2481 19 1 4 0 3
2481 17 1 7 5 5
2481 3 1 5 11 4
2481 12 1 2 4 2
2481 29 1 4 0 3
2481 25 1 4 1 3
2481 27 1 1 0 1
2481 22 1 4 5 3
2501 27 1 1 0 1
2501 21 1 1 0 1
2501 30 1 1 17 1
2501 26 1 1 15 1
2501 15 1 1 16 1
2501 8 1 1 15 1
2501 20 1 1 12 1
2501 16 1 1 8 1
2501 14 1 1 9 1
2501 18 1 1 12 1
2501 2 1 1 10 1
2501 24 1 1 11 1
2501 28 1 1 0 1
2501 9 1 1 0 1
2501 13 1 1 21 1
2501 4 1 1 17 1
2501 23 1 1 11 1
2501 10 1 1 17 1
2501 6 1 1 14 1
2501 1 1 2 0 2
2501 11 1 4 32 3
2501 7 1 2 30 2
2501 5 1 2 19 2
2501 19 1 18 0 13
2501 17 1 1 5 1
2501 3 1 5 11 4
2501 12 1 5 4 4
2501 29 1 5 0 4
2501 25 1 14 1 10
2501 22 1 7 5 5
2521 6 1 2 14 2
2521 10 1 1 17 1
2521 23 1 1 11 1
2521 4 1 1 17 1
2521 27 1 1 0 1
2521 1 1 2 0 2
2521 22 1 5 5 4
2521 25 1 7 1 5
2521 29 1 4 0 3
2521 12 1 5 4 4
2521 3 1 1 11 1
2521 19 1 7 0 5
2521 5 1 5 19 4
2521 7 1 1 30 1
2521 11 1 4 32 3
2521 21 1 1 0 1
2521 30 1 1 17 1
2521 26 1 1 15 1
2521 15 1 1 16 1
2521 8 1 1 15 1
2521 20 1 1 12 1
2521 16 1 1 8 1
2521 14 1 1 9 1
2521 18 1 1 12 1
2521 2 1 1 10 1
2521 24 1 1 11 1
2521 28 1 1 0 1
2521 9 1 1 0 1
2521 13 1 2 21 2
2521 17 1 10 5 7
2541 9 1 1 0 1
2541 28 1 1 0 1
2541 24 1 1 11 1
2541 2 1 1 10 1
2541 18 1 1 12 1
2541 14 1 1 9 1
2541 16 1 1 8 1
2541 20 1 1 12 1
2541 8 1 1 15 1
2541 15 1 1 16 1
2541 26 1 1 15 1
2541 30 1 1 17 1
2541 21 1 1 0 1
2541 7 1 4 30 3
2541 3 1 2 11 2
2541 27 1 2 0 2
2541 4 1 1 17 1
2541 23 1 1 11 1
2541 10 1 1 17 1
2541 6 1 2 14 2
2541 1 1 1 0 1
2541 22 1 8 5 6
2541 25 1 10 1 7
2541 29 1 4 0 3
2541 12 1 4 4 3
2541 19 1 12 0 9
2541 5 1 4 19 3
2541 11 1 7 32 5
2541 13 1 1 21 1
2541 17 1 2 5 2
2561 13 1 1 21 1
2561 1 1 1 0 1
2561 10 1 1 17 1
2561 23 1 1 11 1
2561 4 1 1 17 1
2561 21 1 1 0 1
2561 30 1 1 17 1
2561 26 1 1 15 1
2561 15 1 1 16 1
2561 8 1 1 15 1
2561 20 1 1 12 1
2561 16 1 1 8 1
2561 14 1 1 9 1
2561 18 1 1 12 1
2561 2 1 1 10 1
2561 24 1 1 11 1
2561 28 1 1 0 1
2561 9 1 1 0 1
2561 7 1 1 30 1
2561 3 1 2 11 2
2561 27 1 2 0 2
2561 6 1 1 14 1
2561 22 1 10 5 7
2561 25 1 4 1 3
2561 29 1 4 0 3
2561 12 1 1 4 1
2561 19 1 11 0 8
2561 5 1 5 19 4
2561 11 1 5 32 4
2561 17 1 10 5 7
2581 12 1 2 4 2
2581 7 1 4 30 3
2581 9 1 1 0 1
2581 28 1 1 0 1
2581 24 1 1 11 1
2581 2 1 1 10 1
2581 18 1 1 12 1
2581 14 1 1 9 1
2581 16 1 1 8 1
2581 20 1 1 12 1
2581 8 1 1 15 1
2581 15 1 1 16 1
2581 26 1 1 15 1
2581 30 1 1 17 1
2581 21 1 1 0 1
2581 13 1 1 21 1
2581 3 1 1 11 1
2581 25 1 12 1 9
2581 29 1 5 0 4
2581 19 1 5 0 4
2581 5 1 1 19 1
2581 11 1 2 32 2
2581 17 1 1 5 1
2581 22 1 1 5 1
2581 27 1 1 0 1
2581 1 1 2 0 2
2581 10 1 1 17 1
2581 23 1 1 11 1
2581 4 1 1 17 1
2581 6 1 1 14 1
2601 6 1 2 14 2
2601 4 1 1 17 1
2601 23 1 1 11 1
2601 10 1 1 17 1
2601 27 1 2 0 2
2601 22 1 8 5 6
2601 17 1 1 5 1
2601 5 1 2 19 2
2601 3 1 5 11 4
2601 13 1 1 21 1
2601 21 1 1 0 1
2601 30 1 1 17 1
2601 26 1 1 15 1
2601 15 1 1 16 1
2601 8 1 1 15 1
2601 20 1 1 12 1
2601 16 1 1 8 1
2601 14 1 1 9 1
2601 18 1 1 12 1
2601 2 1 1 10 1
2601 24 1 1 11 1
2601 28 1 1 0 1
2601 9 1 1 0 1
2601 12 1 1 4 1
2601 7 1 1 30 1
2601 25 1 11 1 8
2601 29 1 7 0 5
2601 19 1 1 0 1
2601 11 1 4 32 3
2601 1 1 2 0 2
2621 19 1 4 0 3
2621 7 1 1 30 1
2621 12 1 4 4 3
2621 9 1 1 0 1
2621 28 1 1 0 1
2621 24 1 1 11 1
2621 2 1 1 10 1
2621 18 1 1 12 1
2621 14 1 1 9 1
2621 16 1 1 8 1
2621 20 1 1 12 1
2621 8 1 1 15 1
2621 15 1 1 16 1
2621 26 1 1 15 1
2621 30 1 1 17 1
2621 21 1 1 0 1
2621 13 1 1 21 1
2621 17 1 8 5 6
2621 10 1 1 17 1
2621 23 1 1 11 1
2621 4 1 1 17 1
2621 6 1 2 14 2
2621 27 1 4 0 3
2621 22 1 5 5 4
2621 5 1 2 19 2
2621 3 1 4 11 3
2621 25 1 11 1 8
2621 29 1 1 0 1
2621 11 1 2 32 2
2621 1 1 2 0 2
2641 4 1 1 17 1
2641 23 1 1 11 1
2641 10 1 1 17 1
2641 6 1 1 14 1
2641 27 1 5 0 4
2641 22 1 8 5 6
2641 1 1 1 0 1
2641 11 1 4 32 3
2641 25 1 7 1 5
2641 3 1 5 11 4
2641 5 1 2 19 2
2641 17 1 11 5 8
2641 12 1 1 4 1
2641 19 1 17 0 12
2641 7 1 4 30 3
2641 9 1 1 0 1
2641 28 1 1 0 1
2641 24 1 1 11 1
2641 2 1 1 10 1
2641 18 1 1 12 1
2641 14 1 1 9 1
2641 16 1 1 8 1
2641 20 1 1 12 1
2641 8 1 1 15 1
2641 15 1 1 16 1
2641 26 1 1 15 1
2641 30 1 1 17 1
2641 21 1 1 0 1
2641 13 1 1 21 1
2641 29 1 2 0 2
2661 13 1 1 21 1
2661 21 1 1 0 1
2661 30 1 1 17 1
2661 26 1 1 15 1
2661 15 1 1 16 1
2661 8 1 1 15 1
2661 20 1 1 12 1
2661 16 1 1 8 1
2661 14 1 1 9 1
2661 18 1 1 12 1
2661 2 1 1 10 1
2661 24 1 1 11 1
2661 28 1 1 0 1
2661 9 1 1 0 1
2661 12 1 1 4 1
2661 1 1 1 0 1
2661 6 1 1 14 1
2661 10 1 1 17 1
2661 23 1 1 11 1
2661 4 1 1 17 1
2661 27 1 1 0 1
2661 22 1 8 5 6
2661 11 1 4 32 3
2661 25 1 14 1 10
2661 3 1 1 11 1
2661 5 1 4 19 3
2661 17 1 2 5 2
2661 19 1 8 0 6
2661 7 1 2 30 2
2661 29 1 1 0 1
2681 29 1 4 0 3
2681 3 1 1 11 1
2681 27 1 5 0 4
2681 4 1 1 17 1
2681 23 1 1 11 1
2681 10 1 1 17 1
2681 6 1 2 14 2
2681 1 1 2 0 2
2681 12 1 5 4 4
2681 9 1 1 0 1
2681 28 1 1 0 1
2681 24 1 1 11 1
2681 2 1 1 10 1
2681 18 1 1 12 1
2681 14 1 1 9 1
2681 16 1 1 8 1
2681 20 1 1 12 1
2681 8 1 1 15 1
2681 15 1 1 16 1
2681 26 1 1 15 1
2681 30 1 1 17 1
2681 21 1 1 0 1
2681 13 1 1 21 1
2681 22 1 1 5 1
2681 11 1 7 32 5
2681 25 1 10 1 7
2681 5 1 1 19 1
2681 17 1 7 5 5
2681 19 1 5 0 4
2681 7 1 1 30 1
2701 7 1 2 30 2
2701 5 1 5 19 4
2701 13 1 1 21 1
2701 21 1 1 0 1
2701 30 1 1 17 1
2701 26 1 1 15 1
2701 15 1 1 16 1
2701 8 1 1 15 1
2701 20 1 1 12 1
2701 16 1 1 8 1
2701 14 1 1 9 1
2701 18 1 1 12 1
2701 2 1 1 10 1
2701 24 1 1 11 1
2701 28 1 1 0 1
2701 9 1 1 0 1
2701 3 1 5 11 4
2701 29 1 2 0 2
2701 12 1 4 4 3
2701 11 1 4 32 3
2701 25 1 2 1 2
2701 17 1 1 5 1
2701 19 1 12 0 9
2701 1 1 1 0 1
2701 6 1 1 14 1
2701 27 1 1 0 1
2701 4 1 1 17 1
2701 23 1 1 11 1
2701 10 1 1 17 1
2701 22 1 5 5 4
2721 10 1 1 17 1
2721 23 1 1 11 1
2721 4 1 1 17 1
2721 27 1 2 0 2
2721 6 1 2 14 2
2721 1 1 1 0 1
2721 17 1 11 5 8
2721 9 1 1 0 1
2721 28 1 1 0 1
2721 24 1 1 11 1
2721 2 1 1 10 1
2721 18 1 1 12 1
2721 14 1 1 9 1
2721 16 1 1 8 1
2721 20 1 1 12 1
2721 8 1 1 15 1
2721 15 1 1 16 1
2721 26 1 1 15 1
2721 30 1 1 17 1
2721 21 1 1 0 1
2721 13 1 2 21 2
2721 7 1 1 30 1
2721 5 1 2 19 2
2721 3 1 5 11 4
2721 29 1 5 0 4
2721 12 1 1 4 1
2721 11 1 2 32 2
2721 25 1 7 1 5
2721 19 1 11 0 8
2721 22 1 5 5 4
2741 12 1 2 4 2
2741 7 1 4 30 3
2741 21 1 1 0 1
2741 30 1 1 17 1
2741 26 1 1 15 1
2741 15 1 1 16 1
2741 8 1 1 15 1
2741 20 1 1 12 1
2741 16 1 1 8 1
2741 14 1 1 9 1
2741 18 1 1 12 1
2741 2 1 1 10 1
2741 24 1 1 11 1
2741 28 1 1 0 1
2741 9 1 1 0 1
2741 1 1 2 0 2
2741 4 1 1 17 1
2741 23 1 1 11 1
2741 10 1 1 17 1
2741 27 1 1 0 1
2741 6 1 1 14 1
2741 17 1 12 5 9
2741 13 1 2 21 2
2741 5 1 4 19 3
2741 3 1 4 11 3
2741 29 1 7 0 5
2741 11 1 7 32 5
2741 25 1 8 1 6
2741 19 1 5 0 4
2741 22 1 7 5 5
2761 6 1 2 14 2
2761 27 1 4 0 3
2761 10 1 1 17 1
2761 23 1 1 11 1
2761 4 1 1 17 1
2761 1 1 2 0 2
2761 22 1 1 5 1
2761 19 1 18 0 13
2761 25 1 11 1 8
2761 11 1 2 32 2
2761 29 1 4 0 3
2761 3 1 1 11 1
2761 5 1 1 19 1
2761 13 1 2 21 2
2761 17 1 2 5 2
2761 7 1 4 30 3
2761 12 1 4 4 3
2761 21 1 1 0 1
2761 30 1 1 17 1
2761 26 1 1 15 1
2761 15 1 1 16 1
2761 8 1 1 15 1
2761 20 1 1 12 1
2761 16 1 1 8 1
2761 14 1 1 9 1
2761 18 1 1 12 1
2761 2 1 1 10 1
2761 24 1 1 11 1
2761 28 1 1 0 1
2761 9 1 1 0 1
2781 9 1 1 0 1
2781 28 1 1 0 1
2781 24 1 1 11 1
2781 2 1 1 10 1
2781 18 1 1 12 1
2781 14 1 1 9 1
2781 16 1 1 8 1
2781 20 1 1 12 1
2781 8 1 1 15 1
2781 15 1 1 16 1
2781 26 1 1 15 1
2781 30 1 1 17 1
2781 21 1 1 0 1
2781 5 1 5 19 4
2781 3 1 5 11 4
2781 22 1 1 5 1
2781 4 1 1 17 1
2781 23 1 1 11 1
2781 10 1 1 17 1
2781 6 1 1 14 1
2781 27 1 4 0 3
2781 1 1 1 0 1
2781 19 1 2 0 2
2781 25 1 5 1 4
2781 11 1 7 32 5
2781 29 1 5 0 4
2781 13 1 2 21 2
2781 17 1 10 5 7
2781 7 1 4 30 3
2781 12 1 1 4 1
2801 12 1 4 4 3
2801 1 1 1 0 1
2801 6 1 1 14 1
2801 10 1 1 17 1
2801 23 1 1 11 1
2801 4 1 1 17 1
2801 22 1 1 5 1
2801 21 1 1 0 1
2801 30 1 1 17 1
2801 26 1 1 15 1
2801 15 1 1 16 1
2801 8 1 1 15 1
2801 20 1 1 12 1
2801 16 1 1 8 1
2801 14 1 1 9 1
2801 18 1 1 12 1
2801 2 1 1 10 1
2801 24 1 1 11 1
2801 28 1 1 0 1
2801 9 1 1 0 1
2801 5 1 4 19 3
2801 3 1 5 11 4
2801 27 1 5 0 4
2801 19 1 1 0 1
2801 25 1 14 1 10
2801 11 1 1 32 1
2801 29 1 1 0 1
2801 13 1 1 21 1
2801 17 1 5 5 4
2801 7 1 1 30 1
2821 7 1 1 30 1
2821 13 1 2 21 2
2821 29 1 2 0 2
2821 11 1 2 32 2
2821 19 1 10 0 7
2821 9 1 1 0 1
2821 28 1 1 0 1
2821 24 1 1 11 1
2821 2 1 1 10 1
2821 18 1 1 12 1
2821 14 1 1 9 1
2821 16 1 1 8 1
2821 20 1 1 12 1
2821 8 1 1 15 1
2821 15 1 1 16 1
2821 26 1 1 15 1
2821 30 1 1 17 1
2821 21 1 1 0 1
2821 12 1 5 4 4
2821 5 1 2 19 2
2821 3 1 4 11 3
2821 25 1 2 1 2
2821 17 1 12 5 9
2821 27 1 5 0 4
2821 1 1 1 0 1
2821 6 1 2 14 2
2821 10 1 1 17 1
2821 23 1 1 11 1
2821 4 1 1 17 1
2821 22 1 5 5 4
2841 4 1 1 17 1
2841 23 1 1 11 1
2841 10 1 1 17 1
2841 1 1 2 0 2
2841 21 1 1 0 1
2841 30 1 1 17 1
2841 26 1 1 15 1
2841 15 1 1 16 1
2841 8 1 1 15 1
2841 20 1 1 12 1
2841 16 1 1 8 1
2841 14 1 1 9 1
2841 18 1 1 12 1
2841 2 1 1 10 1
2841 24 1 1 11 1
2841 28 1 1 0 1
2841 9 1 1 0 1
2841 7 1 2 30 2
2841 13 1 2 21 2
2841 29 1 2 0 2
2841 11 1 4 32 3
2841 19 1 7 0 5
2841 12 1 1 4 1
2841 5 1 4 19 3
2841 3 1 4 11 3
2841 25 1 8 1 6
2841 17 1 8 5 6
2841 27 1 2 0 2
2841 6 1 2 14 2
2841 22 1 4 5 3
2861 12 1 1 4 1
2861 9 1 1 0 1
2861 28 1 1 0 1
2861 24 1 1 11 1
2861 2 1 1 10 1
2861 18 1 1 12 1
2861 14 1 1 9 1
2861 16 1 1 8 1
2861 20 1 1 12 1
2861 8 1 1 15 1
2861 15 1 1 16 1
2861 26 1 1 15 1
2861 30 1 1 17 1
2861 21 1 1 0 1
2861 10 1 1 17 1
2861 23 1 1 11 1
2861 4 1 1 17 1
2861 1 1 1 0 1
2861 7 1 2 30 2
2861 13 1 1 21 1
2861 29 1 5 0 4
2861 11 1 2 32 2
2861 19 1 17 0 12
2861 5 1 2 19 2
2861 3 1 2 11 2
2861 25 1 2 1 2
2861 17 1 5 5 4
2861 27 1 1 0 1
2861 6 1 1 14 1
2861 22 1 4 5 3
2881 6 1 1 14 1
2881 27 1 2 0 2
2881 1 1 1 0 1
2881 4 1 1 17 1
2881 23 1 1 11 1
2881 10 1 1 17 1
2881 22 1 7 5 5
2881 17 1 7 5 5
2881 25 1 11 1 8
2881 3 1 2 11 2
2881 5 1 2 19 2
2881 19 1 10 0 7
2881 11 1 1 32 1
2881 29 1 7 0 5
2881 7 1 1 30 1
2881 12 1 4 4 3
2881 9 1 1 0 1
2881 28 1 1 0 1
2881 24 1 1 11 1
2881 2 1 1 10 1
2881 18 1 1 12 1
2881 14 1 1 9 1
2881 16 1 1 8 1
2881 20 1 1 12 1
2881 8 1 1 15 1
2881 15 1 1 16 1
2881 26 1 1 15 1
2881 30 1 1 17 1
2881 21 1 1 0 1
2881 13 1 2 21 2
2901 21 1 1 0 1
2901 30 1 1 17 1
2901 26 1 1 15 1
2901 15 1 1 16 1
2901 8 1 1 15 1
2901 20 1 1 12 1
2901 16 1 1 8 1
2901 14 1 1 9 1
2901 18 1 1 12 1
2901 2 1 1 10 1
2901 24 1 1 11 1
2901 28 1 1 0 1
2901 9 1 1 0 1
2901 7 1 2 30 2
2901 11 1 7 32 5
2901 10 1 1 17 1
2901 23 1 1 11 1
2901 4 1 1 17 1
2901 1 1 1 0 1
2901 6 1 2 14 2
2901 27 1 4 0 3
2901 22 1 7 5 5
2901 17 1 7 5 5
2901 25 1 8 1 6
2901 3 1 1 11 1
2901 5 1 4 19 3
2901 19 1 5 0 4
2901 29 1 5 0 4
2901 12 1 5 4 4
2901 13 1 2 21 2
2921 3 1 1 11 1
2921 1 1 2 0 2
2921 4 1 1 17 1
2921 23 1 1 11 1
2921 10 1 1 17 1
2921 9 1 1 0 1
2921 28 1 1 0 1
2921 24 1 1 11 1
2921 2 1 1 10 1
2921 18 1 1 12 1
2921 14 1 1 9 1
2921 16 1 1 8 1
2921 20 1 1 12 1
2921 8 1 1 15 1
2921 15 1 1 16 1
2921 26 1 1 15 1
2921 30 1 1 17 1
2921 21 1 1 0 1
2921 7 1 1 30 1
2921 11 1 2 32 2
2921 6 1 2 14 2
2921 27 1 5 0 4
2921 22 1 4 5 3
2921 17 1 10 5 7
2921 25 1 4 1 3
2921 5 1 1 19 1
2921 19 1 17 0 12
2921 29 1 5 0 4
2921 12 1 5 4 4
2921 13 1 2 21 2
2941 5 1 4 19 3
2941 7 1 2 30 2
2941 21 1 1 0 1
2941 30 1 1 17 1
2941 26 1 1 15 1
2941 15 1 1 16 1
2941 8 1 1 15 1
2941 20 1 1 12 1
2941 16 1 1 8 1
2941 14 1 1 9 1
2941 18 1 1 12 1
2941 2 1 1 10 1
2941 24 1 1 11 1
2941 28 1 1 0 1
2941 9 1 1 0 1
2941 3 1 5 11 4
2941 11 1 4 32 3
2941 17 1 4 5 3
2941 25 1 10 1 7
2941 19 1 7 0 5
2941 29 1 1 0 1
2941 12 1 5 4 4
2941 13 1 2 21 2
2941 22 1 1 5 1
2941 27 1 1 0 1
2941 6 1 1 14 1
2941 1 1 1 0 1
2941 4 1 1 17 1
2941 23 1 1 11 1
2941 10 1 1 17 1
2961 10 1 1 17 1
2961 23 1 1 11 1
2961 4 1 1 17 1
2961 1 1 2 0 2
2961 6 1 2 14 2
2961 27 1 1 0 1
2961 22 1 7 5 5
2961 29 1 1 0 1
2961 9 1 1 0 1
2961 28 1 1 0 1
2961 24 1 1 11 1
2961 2 1 1 10 1
2961 18 1 1 12 1
2961 14 1 1 9 1
2961 16 1 1 8 1
2961 20 1 1 12 1
2961 8 1 1 15 1
2961 15 1 1 16 1
2961 26 1 1 15 1
2961 30 1 1 17 1
2961 21 1 1 0 1
2961 5 1 1 19 1
2961 7 1 1 30 1
2961 3 1 1 11 1
2961 11 1 7 32 5
2961 17 1 7 5 5
2961 25 1 8 1 6
2961 19 1 17 0 12
2961 12 1 4 4 3
2961 13 1 2 21 2
2981 3 1 2 11 2
2981 7 1 4 30 3
2981 5 1 1 19 1
2981 21 1 1 0 1
2981 30 1 1 17 1
2981 26 1 1 15 1
2981 15 1 1 16 1
2981 8 1 1 15 1
2981 20 1 1 12 1
2981 16 1 1 8 1
2981 14 1 1 9 1
2981 18 1 1 12 1
2981 2 1 1 10 1
2981 24 1 1 11 1
2981 28 1 1 0 1
2981 9 1 1 0 1
2981 29 1 5 0 4
2981 27 1 1 0 1
2981 4 1 1 17 1
2981 23 1 1 11 1
2981 10 1 1 17 1
2981 1 1 1 0 1
2981 6 1 1 14 1
2981 22 1 7 5 5
2981 11 1 7 32 5
2981 17 1 11 5 8
2981 25 1 2 1 2
2981 19 1 7 0 5
2981 12 1 4 4 3
2981 13 1 2 21 2
3001 6 1 2 14 2
3001 1 1 1 0 1
3001 10 1 1 17 1
3001 23 1 1 11 1
3001 4 1 1 17 1
3001 27 1 5 0 4
3001 22 1 10 5 7
3001 13 1 2 21 2
3001 12 1 1 4 1
3001 19 1 17 0 12
3001 25 1 7 1 5
3001 17 1 4 5 3
3001 11 1 1 32 1
3001 29 1 7 0 5
3001 7 1 2 30 2
3001 3 1 5 11 4
3001 5 1 5 19 4
3001 21 1 1 0 1
3001 30 1 1 17 1
3001 26 1 1 15 1
3001 15 1 1 16 1
3001 8 1 1 15 1
3001 20 1 1 12 1
3001 16 1 1 8 1
3001 14 1 1 9 1
3001 18 1 1 12 1
3001 2 1 1 10 1
3001 24 1 1 11 1
3001 28 1 1 0 1
3001 9 1 1 0 1
3021 9 1 1 0 1
3021 28 1 1 0 1
3021 24 1 1 11 1
3021 2 1 1 10 1
3021 18 1 1 12 1
3021 14 1 1 9 1
3021 16 1 1 8 1
3021 20 1 1 12 1
3021 8 1 1 15 1
3021 15 1 1 16 1
3021 26 1 1 15 1
3021 30 1 1 17 1
3021 21 1 1 0 1
3021 11 1 7 32 5
3021 12 1 1 4 1
3021 4 1 1 17 1
3021 23 1 1 11 1
3021 10 1 1 17 1
3021 1 1 2 0 2
3021 6 1 2 14 2
3021 27 1 4 0 3
3021 22 1 4 5 3
3021 13 1 2 21 2
3021 19 1 7 0 5
3021 25 1 4 1 3
3021 17 1 1 5 1
3021 29 1 5 0 4
3021 7 1 1 30 1
3021 3 1 1 11 1
3021 5 1 4 19 3
3041 3 1 4 11 3
3041 7 1 4 30 3
3041 17 1 8 5 6
3041 10 1 1 17 1
3041 23 1 1 11 1
3041 4 1 1 17 1
3041 12 1 2 4 2
3041 21 1 1 0 1
3041 30 1 1 17 1
3041 26 1 1 15 1
3041 15 1 1 16 1
3041 8 1 1 15 1
3041 20 1 1 12 1
3041 16 1 1 8 1
3041 14 1 1 9 1
3041 18 1 1 12 1
3041 2 1 1 10 1
3041 24 1 1 11 1
3041 28 1 1 0 1
3041 9 1 1 0 1
3041 11 1 7 32 5
3041 1 1 1 0 1
3041 6 1 1 14 1
3041 27 1 5 0 4
3041 22 1 10 5 7
3041 13 1 1 21 1
3041 19 1 17 0 12
3041 25 1 7 1 5
3041 29 1 5 0 4
3041 5 1 4 19 3
3061 13 1 1 21 1
3061 9 1 1 0 1
3061 28 1 1 0 1
3061 24 1 1 11 1
3061 2 1 1 10 1
3061 18 1 1 12 1
3061 14 1 1 9 1
3061 16 1 1 8 1
3061 20 1 1 12 1
3061 8 1 1 15 1
3061 15 1 1 16 1
3061 26 1 1 15 1
3061 30 1 1 17 1
3061 21 1 1 0 1
3061 3 1 2 11 2
3061 7 1 1 30 1
3061 17 1 7 5 5
3061 12 1 4 4 3
3061 11 1 2 32 2
3061 19 1 1 0 1
3061 25 1 7 1 5
3061 29 1 7 0 5
3061 5 1 4 19 3
3061 22 1 4 5 3
3061 27 1 5 0 4
3061 10 1 1 17 1
3061 23 1 1 11 1
3061 4 1 1 17 1
3061 1 1 2 0 2
3061 6 1 2 14 2
3081 4 1 1 17 1
3081 23 1 1 11 1
3081 10 1 1 17 1
3081 19 1 18 0 13
3081 7 1 2 30 2
3081 21 1 1 0 1
3081 30 1 1 17 1
3081 26 1 1 15 1
3081 15 1 1 16 1
3081 8 1 1 15 1
3081 20 1 1 12 1
3081 16 1 1 8 1
3081 14 1 1 9 1
3081 18 1 1 12 1
3081 2 1 1 10 1
3081 24 1 1 11 1
3081 28 1 1 0 1
3081 9 1 1 0 1
3081 13 1 2 21 2
3081 3 1 4 11 3
3081 17 1 8 5 6
3081 12 1 1 4 1
3081 11 1 4 32 3
3081 25 1 1 1 1
3081 29 1 5 0 4
3081 5 1 2 19 2
3081 22 1 1 5 1
3081 27 1 4 0 3
3081 1 1 1 0 1
3081 6 1 1 14 1
3101 6 1 2 14 2
3101 1 1 2 0 2
3101 22 1 5 5 4
3101 25 1 8 1 6
3101 12 1 5 4 4
3101 9 1 1 0 1
3101 28 1 1 0 1
3101 24 1 1 11 1
3101 2 1 1 10 1
3101 18 1 1 12 1
3101 14 1 1 9 1
3101 16 1 1 8 1
3101 20 1 1 12 1
3101 8 1 1 15 1
3101 15 1 1 16 1
3101 26 1 1 15 1
3101 30 1 1 17 1
3101 21 1 1 0 1
3101 10 1 1 17 1
3101 23 1 1 11 1
3101 4 1 1 17 1
3101 19 1 12 0 9
3101 7 1 1 30 1
3101 13 1 2 21 2
3101 3 1 1 11 1
3101 17 1 7 5 5
3101 11 1 1 32 1
3101 29 1 1 0 1
3101 5 1 5 19 4
3101 27 1 1 0 1
3121 27 1 2 0 2
3121 4 1 1 17 1
3121 23 1 1 11 1
3121 10 1 1 17 1
3121 6 1 2 14 2
3121 1 1 1 0 1
3121 22 1 2 5 2
3121 5 1 5 19 4
3121 17 1 8 5 6
3121 13 1 2 21 2
3121 19 1 14 0 10
3121 12 1 2 4 2
3121 25 1 11 1 8
3121 9 1 1 0 1
3121 28 1 1 0 1
3121 24 1 1 11 1
3121 2 1 1 10 1
3121 18 1 1 12 1
3121 14 1 1 9 1
3121 16 1 1 8 1
3121 20 1 1 12 1
3121 8 1 1 15 1
3121 15 1 1 16 1
3121 26 1 1 15 1
3121 30 1 1 17 1
3121 21 1 1 0 1
3121 7 1 4 30 3
3121 3 1 5 11 4
3121 11 1 4 32 3
3121 29 1 4 0 3
3141 21 1 1 0 1
3141 30 1 1 17 1
3141 26 1 1 15 1
3141 15 1 1 16 1
3141 8 1 1 15 1
3141 20 1 1 12 1
3141 16 1 1 8 1
3141 14 1 1 9 1
3141 18 1 1 12 1
3141 2 1 1 10 1
3141 24 1 1 11 1
3141 28 1 1 0 1
3141 9 1 1 0 1
3141 1 1 1 0 1
3141 10 1 1 17 1
3141 23 1 1 11 1
3141 4 1 1 17 1
3141 27 1 4 0 3
3141 6 1 1 14 1
3141 22 1 10 5 7
3141 5 1 2 19 2
3141 17 1 5 5 4
3141 13 1 2 21 2
3141 19 1 15 0 11
3141 12 1 2 4 2
3141 25 1 11 1 8
3141 7 1 2 30 2
3141 3 1 1 11 1
3141 11 1 5 32 4
3141 29 1 2 0 2
3161 3 1 5 11 4
3161 6 1 1 14 1
3161 4 1 1 17 1
3161 23 1 1 11 1
3161 10 1 1 17 1
3161 1 1 2 0 2
3161 9 1 1 0 1
3161 28 1 1 0 1
3161 24 1 1 11 1
3161 2 1 1 10 1
3161 18 1 1 12 1
3161 14 1 1 9 1
3161 16 1 1 8 1
3161 20 1 1 12 1
3161 8 1 1 15 1
3161 15 1 1 16 1
3161 26 1 1 15 1
3161 30 1 1 17 1
3161 21 1 1 0 1
3161 27 1 5 0 4
3161 22 1 5 5 4
3161 5 1 1 19 1
3161 17 1 2 5 2
3161 13 1 1 21 1
3161 19 1 1 0 1
3161 12 1 5 4 4
3161 25 1 7 1 5
3161 7 1 4 30 3
3161 11 1 5 32 4
3161 29 1 1 0 1
3181 29 1 2 0 2
3181 19 1 7 0 5
3181 13 1 2 21 2
3181 5 1 4 19 3
3181 21 1 1 0 1
3181 30 1 1 17 1
3181 26 1 1 15 1
3181 15 1 1 16 1
3181 8 1 1 15 1
3181 20 1 1 12 1
3181 16 1 1 8 1
3181 14 1 1 9 1
3181 18 1 1 12 1
3181 2 1 1 10 1
3181 24 1 1 11 1
3181 28 1 1 0 1
3181 9 1 1 0 1
3181 3 1 1 11 1
3181 17 1 4 5 3
3181 12 1 2 4 2
3181 25 1 1 1 1
3181 7 1 4 30 3
3181 11 1 2 32 2
3181 22 1 4 5 3
3181 27 1 2 0 2
3181 1 1 1 0 1
3181 6 1 2 14 2
3181 4 1 1 17 1
3181 23 1 1 11 1
3181 10 1 1 17 1
3201 10 1 1 17 1
3201 23 1 1 11 1
3201 4 1 1 17 1
3201 1 1 2 0 2
3201 25 1 4 1 3
3201 3 1 5 11 4
3201 9 1 1 0 1
3201 28 1 1 0 1
3201 24 1 1 11 1
3201 2 1 1 10 1
3201 18 1 1 12 1
3201 14 1 1 9 1
3201 16 1 1 8 1
3201 20 1 1 12 1
3201 8 1 1 15 1
3201 15 1 1 16 1
3201 26 1 1 15 1
3201 30 1 1 17 1
3201 21 1 1 0 1
3201 29 1 7 0 5
3201 19 1 18 0 13
3201 13 1 2 21 2
3201 5 1 2 19 2
3201 17 1 10 5 7
3201 12 1 4 4 3
3201 7 1 4 30 3
3201 11 1 2 32 2
3201 22 1 10 5 7
3201 27 1 5 0 4
3201 6 1 2 14 2
3221 21 1 1 0 1
3221 30 1 1 17 1
3221 26 1 1 15 1
3221 15 1 1 16 1
3221 8 1 1 15 1
3221 20 1 1 12 1
3221 16 1 1 8 1
3221 14 1 1 9 1
3221 18 1 1 12 1
3221 2 1 1 10 1
3221 24 1 1 11 1
3221 28 1 1 0 1
3221 9 1 1 0 1
3221 4 1 1 17 1
3221 23 1 1 11 1
3221 10 1 1 17 1
3221 1 1 2 0 2
3221 25 1 12 1 9
3221 3 1 1 11 1
3221 29 1 5 0 4
3221 19 1 17 0 12
3221 13 1 2 21 2
3221 5 1 2 19 2
3221 17 1 11 5 8
3221 12 1 4 4 3
3221 7 1 2 30 2
3221 11 1 1 32 1
3221 22 1 7 5 5
3221 27 1 2 0 2
3221 6 1 1 14 1
3241 6 1 2 14 2
3241 10 1 1 17 1
3241 23 1 1 11 1
3241 4 1 1 17 1
3241 1 1 1 0 1
3241 22 1 10 5 7
3241 27 1 2 0 2
3241 7 1 1 30 1
3241 12 1 4 4 3
3241 17 1 4 5 3
3241 5 1 5 19 4
3241 13 1 2 21 2
3241 19 1 14 0 10
3241 29 1 1 0 1
3241 25 1 1 1 1
3241 21 1 1 0 1
3241 30 1 1 17 1
3241 26 1 1 15 1
3241 15 1 1 16 1
3241 8 1 1 15 1
3241 20 1 1 12 1
3241 16 1 1 8 1
3241 14 1 1 9 1
3241 18 1 1 12 1
3241 2 1 1 10 1
3241 24 1 1 11 1
3241 28 1 1 0 1
3241 9 1 1 0 1
3241 3 1 5 11 4
3241 11 1 4 32 3
3261 9 1 1 0 1
3261 28 1 1 0 1
3261 24 1 1 11 1
3261 2 1 1 10 1
3261 18 1 1 12 1
3261 14 1 1 9 1
3261 16 1 1 8 1
3261 20 1 1 12 1
3261 8 1 1 15 1
3261 15 1 1 16 1
3261 26 1 1 15 1
3261 30 1 1 17 1
3261 21 1 1 0 1
3261 25 1 2 1 2
3261 29 1 2 0 2
3261 7 1 2 30 2
3261 1 1 1 0 1
3261 4 1 1 17 1
3261 23 1 1 11 1
3261 10 1 1 17 1
3261 6 1 1 14 1
3261 22 1 10 5 7
3261 27 1 4 0 3
3261 12 1 5 4 4
3261 17 1 8 5 6
3261 5 1 2 19 2
3261 13 1 1 21 1
3261 19 1 4 0 3
3261 3 1 2 11 2
3261 11 1 7 32 5
3281 13 1 2 21 2
3281 6 1 1 14 1
3281 10 1 1 17 1
3281 23 1 1 11 1
3281 4 1 1 17 1
3281 1 1 2 0 2
3281 21 1 1 0 1
3281 30 1 1 17 1
3281 26 1 1 15 1
3281 15 1 1 16 1
3281 8 1 1 15 1
3281 20 1 1 12 1
3281 16 1 1 8 1
3281 14 1 1 9 1
3281 18 1 1 12 1
3281 2 1 1 10 1
3281 24 1 1 11 1
3281 28 1 1 0 1
3281 9 1 1 0 1
3281 25 1 2 1 2
3281 29 1 1 0 1
3281 7 1 2 30 2
3281 22 1 7 5 5
3281 27 1 4 0 3
3281 12 1 1 4 1
3281 17 1 10 5 7
3281 5 1 1 19 1
3281 19 1 18 0 13
3281 3 1 1 11 1
3281 11 1 2 32 2
3301 3 1 5 11 4
3301 5 1 5 19 4
3301 12 1 4 4 3
3301 29 1 5 0 4
3301 9 1 1 0 1
3301 28 1 1 0 1
3301 24 1 1 11 1
3301 2 1 1 10 1
3301 18 1 1 12 1
3301 14 1 1 9 1
3301 16 1 1 8 1
3301 20 1 1 12 1
3301 8 1 1 15 1
3301 15 1 1 16 1
3301 26 1 1 15 1
3301 30 1 1 17 1
3301 21 1 1 0 1
3301 13 1 2 21 2
3301 25 1 11 1 8
3301 7 1 1 30 1
3301 17 1 4 5 3
3301 19 1 14 0 10
3301 11 1 2 32 2
3301 27 1 2 0 2
3301 22 1 5 5 4
3301 1 1 1 0 1
3301 6 1 2 14 2
3301 10 1 1 17 1
3301 23 1 1 11 1
3301 4 1 1 17 1
3321 4 1 1 17 1
3321 23 1 1 11 1
3321 10 1 1 17 1
3321 1 1 2 0 2
3321 7 1 2 30 2
3321 21 1 1 0 1
3321 30 1 1 17 1
3321 26 1 1 15 1
3321 15 1 1 16 1
3321 8 1 1 15 1
3321 20 1 1 12 1
3321 16 1 1 8 1
3321 14 1 1 9 1
3321 18 1 1 12 1
3321 2 1 1 10 1
3321 24 1 1 11 1
3321 28 1 1 0 1
3321 9 1 1 0 1
3321 3 1 4 11 3
3321 5 1 1 19 1
3321 12 1 4 4 3
3321 29 1 4 0 3
3321 13 1 1 21 1
3321 25 1 11 1 8
3321 17 1 11 5 8
3321 19 1 15 0 11
3321 11 1 2 32 2
3321 27 1 1 0 1
3321 22 1 2 5 2
3321 6 1 2 14 2
3341 27 1 4 0 3
3341 13 1 1 21 1
3341 5 1 2 19 2
3341 9 1 1 0 1
3341 28 1 1 0 1
3341 24 1 1 11 1
3341 2 1 1 10 1
3341 18 1 1 12 1
3341 14 1 1 9 1
3341 16 1 1 8 1
3341 20 1 1 12 1
3341 8 1 1 15 1
3341 15 1 1 16 1
3341 26 1 1 15 1
3341 30 1 1 17 1
3341 21 1 1 0 1
3341 10 1 1 17 1
3341 23 1 1 11 1
3341 4 1 1 17 1
3341 1 1 2 0 2
3341 7 1 2 30 2
3341 3 1 2 11 2
3341 12 1 5 4 4
3341 29 1 4 0 3
3341 25 1 14 1 10
3341 17 1 1 5 1
3341 19 1 10 0 7
3341 11 1 5 32 4
3341 22 1 1 5 1
3341 6 1 2 14 2
3361 22 1 2 5 2
3361 4 1 1 17 1
3361 23 1 1 11 1
3361 10 1 1 17 1
3361 27 1 1 0 1
3361 1 1 2 0 2
3361 6 1 1 14 1
3361 11 1 4 32 3
3361 19 1 1 0 1
3361 25 1 10 1 7
3361 29 1 1 0 1
3361 12 1 1 4 1
3361 3 1 2 11 2
3361 7 1 1 30 1
3361 5 1 5 19 4
3361 13 1 1 21 1
3361 9 1 1 0 1
3361 28 1 1 0 1
3361 24 1 1 11 1
3361 2 1 1 10 1
3361 18 1 1 12 1
3361 14 1 1 9 1
3361 16 1 1 8 1
3361 20 1 1 12 1
3361 8 1 1 15 1
3361 15 1 1 16 1
3361 26 1 1 15 1
3361 30 1 1 17 1
3361 21 1 1 0 1
3361 17 1 7 5 5
3381 21 1 1 0 1
3381 30 1 1 17 1
3381 26 1 1 15 1
3381 15 1 1 16 1
3381 8 1 1 15 1
3381 20 1 1 12 1
3381 16 1 1 8 1
3381 14 1 1 9 1
3381 18 1 1 12 1
3381 2 1 1 10 1
3381 24 1 1 11 1
3381 28 1 1 0 1
3381 9 1 1 0 1
3381 13 1 2 21 2
3381 7 1 2 30 2
3381 12 1 2 4 2
3381 29 1 5 0 4
3381 19 1 8 0 6
3381 6 1 1 14 1
3381 27 1 5 0 4
3381 10 1 1 17 1
3381 23 1 1 11 1
3381 4 1 1 17 1
3381 22 1 4 5 3
3381 1 1 2 0 2
3381 11 1 7 32 5
3381 25 1 1 1 1
3381 3 1 1 11 1
3381 5 1 2 19 2
3381 17 1 5 5 4
3401 3 1 5 11 4
3401 25 1 7 1 5
3401 4 1 1 17 1
3401 23 1 1 11 1
3401 10 1 1 17 1
3401 6 1 2 14 2
3401 9 1 1 0 1
3401 28 1 1 0 1
3401 24 1 1 11 1
3401 2 1 1 10 1
3401 18 1 1 12 1
3401 14 1 1 9 1
3401 16 1 1 8 1
3401 20 1 1 12 1
3401 8 1 1 15 1
3401 15 1 1 16 1
3401 26 1 1 15 1
3401 30 1 1 17 1
3401 21 1 1 0 1
3401 13 1 2 21 2
3401 7 1 2 30 2
3401 12 1 4 4 3
3401 29 1 1 0 1
3401 19 1 8 0 6
3401 27 1 5 0 4
3401 22 1 8 5 6
3401 1 1 1 0 1
3401 11 1 7 32 5
3401 5 1 5 19 4
3401 17 1 5 5 4
3421 29 1 5 0 4
3421 21 1 1 0 1
3421 30 1 1 17 1
3421 26 1 1 15 1
3421 15 1 1 16 1
3421 8 1 1 15 1
3421 20 1 1 12 1
3421 16 1 1 8 1
3421 14 1 1 9 1
3421 18 1 1 12 1
3421 2 1 1 10 1
3421 24 1 1 11 1
3421 28 1 1 0 1
3421 9 1 1 0 1
3421 3 1 2 11 2
3421 25 1 5 1 4
3421 13 1 2 21 2
3421 7 1 2 30 2
3421 12 1 1 4 1
3421 19 1 8 0 6
3421 11 1 1 32 1
3421 5 1 4 19 3
3421 17 1 11 5 8
3421 22 1 5 5 4
3421 27 1 1 0 1
3421 6 1 1 14 1
3421 4 1 1 17 1
3421 23 1 1 11 1
3421 10 1 1 17 1
3421 1 1 1 0 1
3441 1 1 27 0 19
3441 10 1 15 17 11
3441 23 1 15 11 11
3441 4 1 8 17 6
3441 6 1 15 14 11
3441 27 1 18 0 13
3441 11 1 15 32 11
3441 12 1 11 4 8
3441 9 1 20 0 14
3441 28 1 2 0 2
3441 24 1 8 11 6
3441 2 1 15 10 11
3441 18 1 1 12 1
3441 14 1 14 9 10
3441 16 1 21 8 15
3441 20 1 24 12 17
3441 8 1 22 15 16
3441 15 1 24 16 17
3441 26 1 17 15 12
3441 30 1 18 17 13
3441 21 1 4 0 3
3441 29 1 22 0 16
3441 3 1 12 11 9
3441 25 1 28 1 20
3441 13 1 8 21 6
3441 7 1 24 30 17
3441 19 1 20 0 14
3441 5 1 11 19 8
3441 17 1 22 5 16
3441 22 1 11 5 8
3461 18 1 1 12 1
3461 1 1 2 0 2
3461 10 1 1 17 1
3461 23 1 1 11 1
3461 4 1 1 17 1
3461 6 1 1 14 1
3461 27 1 1 0 1
3461 11 1 1 32 1
3461 12 1 4 4 3
3461 9 1 1 0 1
3461 28 1 1 0 1
3461 24 1 1 11 1
3461 2 1 1 10 1
3461 14 1 1 9 1
3461 16 1 1 8 1
3461 20 1 1 12 1
3461 8 1 1 15 1
3461 15 1 1 16 1
3461 26 1 1 15 1
3461 30 1 1 17 1
3461 21 1 1 0 1
3461 29 1 2 0 2
3461 3 1 5 11 4
3461 25 1 11 1 8
3461 13 1 1 21 1
3461 7 1 4 30 3
3461 19 1 17 0 12
3461 5 1 5 19 4
3461 17 1 12 5 9
3461 22 1 4 5 3
3481 27 1 1 0 1
3481 6 1 1 14 1
3481 4 1 1 17 1
3481 23 1 1 11 1
3481 10 1 1 17 1
3481 1 1 1 0 1
3481 22 1 2 5 2
3481 17 1 5 5 4
3481 5 1 1 19 1
3481 19 1 4 0 3
3481 7 1 2 30 2
3481 25 1 12 1 9
3481 3 1 4 11 3
3481 29 1 1 0 1
3481 12 1 1 4 1
3481 18 1 1 12 1
3481 11 1 7 32 5
3481 9 1 1 0 1
3481 28 1 1 0 1
3481 24 1 1 11 1
3481 2 1 1 10 1
3481 14 1 1 9 1
3481 16 1 1 8 1
3481 20 1 1 12 1
3481 8 1 1 15 1
3481 15 1 1 16 1
3481 26 1 1 15 1
3481 30 1 1 17 1
3481 21 1 1 0 1
3481 13 1 1 21 1
3501 13 1 2 21 2
3501 21 1 1 0 1
3501 30 1 1 17 1
3501 26 1 1 15 1
3501 15 1 1 16 1
3501 8 1 1 15 1
3501 20 1 1 12 1
3501 16 1 1 8 1
3501 14 1 1 9 1
3501 2 1 1 10 1
3501 24 1 1 11 1
3501 28 1 1 0 1
3501 9 1 1 0 1
3501 18 1 1 12 1
3501 12 1 1 4 1
3501 29 1 2 0 2
3501 5 1 4 19 3
3501 1 1 1 0 1
3501 10 1 1 17 1
3501 23 1 1 11 1
3501 4 1 1 17 1
3501 6 1 2 14 2
3501 27 1 2 0 2
3501 22 1 7 5 5
3501 17 1 8 5 6
3501 19 1 17 0 12
3501 7 1 1 30 1
3501 25 1 11 1 8
3501 3 1 5 11 4
3501 11 1 4 32 3
3521 7 1 4 30 3
3521 4 1 1 17 1
3521 23 1 1 11 1
3521 10 1 1 17 1
3521 1 1 2 0 2
3521 12 1 2 4 2
3521 18 1 1 12 1
3521 9 1 1 0 1
3521 28 1 1 0 1
3521 24 1 1 11 1
3521 2 1 1 10 1
3521 14 1 1 9 1
3521 16 1 1 8 1
3521 20 1 1 12 1
3521 8 1 1 15 1
3521 15 1 1 16 1
3521 26 1 1 15 1
3521 30 1 1 17 1
3521 21 1 1 0 1
3521 13 1 1 21 1
3521 29 1 7 0 5
3521 5 1 5 19 4
3521 6 1 2 14 2
3521 27 1 1 0 1
3521 22 1 5 5 4
3521 17 1 8 5 6
3521 19 1 10 0 7
3521 25 1 4 1 3
3521 3 1 2 11 2
3521 11 1 2 32 2
3541 13 1 2 21 2
3541 21 1 1 0 1
3541 30 1 1 17 1
3541 26 1 1 15 1
3541 15 1 1 16 1
3541 8 1 1 15 1
3541 20 1 1 12 1
3541 16 1 1 8 1
3541 14 1 1 9 1
3541 2 1 1 10 1
3541 24 1 1 11 1
3541 28 1 1 0 1
3541 9 1 1 0 1
3541 18 1 1 12 1
3541 7 1 1 30 1
3541 12 1 4 4 3
3541 29 1 1 0 1
3541 5 1 2 19 2
3541 17 1 2 5 2
3541 19 1 14 0 10
3541 25 1 2 1 2
3541 3 1 1 11 1
3541 11 1 7 32 5
3541 22 1 5 5 4
3541 6 1 2 14 2
3541 1 1 1 0 1
3541 4 1 1 17 1
3541 23 1 1 11 1
3541 10 1 1 17 1
3541 27 1 4 0 3
3561 10 1 1 17 1
3561 23 1 1 11 1
3561 4 1 1 17 1
3561 1 1 1 0 1
3561 3 1 4 11 3
3561 29 1 2 0 2
3561 7 1 1 30 1
3561 18 1 1 12 1
3561 9 1 1 0 1
3561 28 1 1 0 1
3561 24 1 1 11 1
3561 2 1 1 10 1
3561 14 1 1 9 1
3561 16 1 1 8 1
3561 20 1 1 12 1
3561 8 1 1 15 1
3561 15 1 1 16 1
3561 26 1 1 15 1
3561 30 1 1 17 1
3561 21 1 1 0 1
3561 13 1 1 21 1
3561 12 1 2 4 2
3561 5 1 2 19 2
3561 17 1 7 5 5
3561 19 1 18 0 13
3561 25 1 14 1 10
3561 11 1 7 32 5
3561 22 1 8 5 6
3561 6 1 1 14 1
3561 27 1 5 0 4
3581 6 1 24 14 17
3581 13 1 18 21 13
3581 21 1 17 0 12
3581 30 1 4 17 3
3581 26 1 15 15 11
3581 15 1 15 16 11
3581 8 1 15 15 11
3581 20 1 17 12 12
3581 16 1 8 8 6
3581 14 1 4 9 3
3581 2 1 27 10 19
3581 24 1 20 11 14
3581 28 1 25 0 18
3581 9 1 2 0 2
3581 18 1 7 12 5
3581 7 1 27 30 19
3581 1 1 24 0 17
3581 4 1 27 17 19
3581 23 1 21 11 15
3581 10 1 18 17 13
3581 3 1 8 11 6
3581 29 1 8 0 6
3581 12 1 22 4 16
3581 5 1 14 19 10
3581 17 1 17 5 12
3581 19 1 28 0 20
3581 25 1 18 1 13
3581 11 1 21 32 15
3581 22 1 25 5 18
3581 27 1 20 0 14
