IT_NO ID REVENUES INTERESTS_ACCRUED TOTAL_COSTS TOTAL_WRITEOFFS INTERESTS_PAID NET_EARNINGS RETAINED_EARNINGS TOTAL_DIVIDENDS
1 22 1191.225000 1191.225000 573.171375 0.000000 573.171375 618.053625 0.000000 0.000000
1 21 1043.025000 1043.025000 499.941875 0.000000 499.941875 543.083125 0.000000 0.000000
61 22 803.902340 803.902340 434.397914 306.422466 127.975448 369.504426 0.000000 618.053625
61 21 689.171746 689.171746 111.623698 0.000000 111.623698 577.548048 0.000000 543.083125
121 22 771.827901 771.827901 127.693434 0.000000 127.693434 644.134467 0.000000 369.504426
121 21 671.468315 671.468315 110.516717 0.000000 110.516717 560.951598 0.000000 577.548048
181 22 800.925062 800.925062 830.815554 701.971824 128.843731 -29.890493 0.000000 644.134467
181 21 683.458665 683.458665 109.574869 0.000000 109.574869 573.883796 0.000000 560.951598
241 22 816.447650 816.447650 129.158983 0.000000 129.158983 687.288667 0.000000 0.000000
241 21 711.870263 711.870263 108.111910 0.000000 108.111910 603.758352 0.000000 573.883796
301 22 1044.381483 1044.381483 291.052497 0.000000 291.052497 753.328986 0.000000 687.288667
301 21 896.966531 896.966531 249.356043 0.000000 249.356043 647.610488 0.000000 603.758352
361 22 888.897513 888.897513 131.570943 0.000000 131.570943 757.326570 0.000000 753.328986
361 21 752.082693 752.082693 108.991845 0.000000 108.991845 643.090848 0.000000 647.610488
421 22 893.171314 893.171314 132.375627 0.000000 132.375627 760.795688 0.000000 757.326570
421 21 757.064424 757.064424 108.943555 0.000000 108.943555 648.120869 0.000000 643.090848
481 22 909.966487 909.966487 131.864642 0.000000 131.864642 778.101845 0.000000 760.795688
481 21 784.323044 784.323044 109.714437 0.000000 109.714437 674.608608 0.000000 648.120869
541 22 939.684330 939.684330 797.264115 666.666667 130.597449 142.420215 778.101845 0.000000
541 21 792.825623 792.825623 777.127274 666.666667 110.460608 15.698348 0.000000 674.608608
601 22 959.459406 959.459406 132.765079 0.000000 132.765079 826.694327 0.000000 142.420215
601 21 809.014111 809.014111 107.547838 0.000000 107.547838 701.466273 15.698348 0.000000
661 22 983.778822 983.778822 133.865385 0.000000 133.865385 849.913436 826.694327 0.000000
661 21 821.335679 821.335679 105.442412 0.000000 105.442412 715.893267 701.466273 0.000000
721 22 1001.523521 1001.523521 134.736868 0.000000 134.736868 866.786652 0.000000 849.913436
721 21 833.081175 833.081175 106.932214 0.000000 106.932214 726.148961 0.000000 715.893267
781 22 1011.679771 1011.679771 136.176966 0.000000 136.176966 875.502805 0.000000 866.786652
781 21 851.369852 851.369852 107.261182 0.000000 107.261182 744.108670 726.148961 0.000000
841 22 1029.661455 1029.661455 135.823688 0.000000 135.823688 893.837767 875.502805 0.000000
841 21 864.904582 864.904582 108.432564 0.000000 108.432564 756.472018 0.000000 744.108670
901 22 1029.069898 1029.069898 136.080299 0.000000 136.080299 892.989599 0.000000 893.837767
901 21 899.406626 899.406626 110.455690 0.000000 110.455690 788.950936 0.000000 756.472018
961 22 1031.272831 1031.272831 133.443659 0.000000 133.443659 897.829172 0.000000 892.989599
961 21 933.359511 933.359511 113.551136 0.000000 113.551136 819.808374 788.950936 0.000000
1021 22 1041.145441 1041.145441 128.778255 0.000000 128.778255 912.367186 0.000000 897.829172
1021 21 950.041091 950.041091 119.354764 0.000000 119.354764 830.686326 0.000000 819.808374
1081 22 1057.403103 1057.403103 132.528762 0.000000 132.528762 924.874340 0.000000 912.367186
1081 21 962.008729 962.008729 116.593533 0.000000 116.593533 845.415196 830.686326 0.000000
1141 22 1073.037020 1073.037020 128.979946 0.000000 128.979946 944.057074 924.874340 0.000000
1141 21 970.289656 970.289656 119.495989 0.000000 119.495989 850.793668 0.000000 845.415196
1201 22 1081.510991 1081.510991 131.819792 0.000000 131.819792 949.691199 0.000000 944.057074
1201 21 984.383109 984.383109 119.140999 0.000000 119.140999 865.242110 0.000000 850.793668
1261 22 1096.090711 1096.090711 131.552383 0.000000 131.552383 964.538329 0.000000 949.691199
1261 21 995.642510 995.642510 120.736069 0.000000 120.736069 874.906441 0.000000 865.242110
1321 22 1119.592712 1119.592712 132.846920 0.000000 132.846920 986.745792 0.000000 964.538329
1321 21 999.568125 999.568125 119.825931 0.000000 119.825931 879.742195 874.906441 0.000000
1381 22 1131.707666 1131.707666 134.349023 0.000000 134.349023 997.358643 0.000000 986.745792
1381 21 1012.431353 1012.431353 118.663611 0.000000 118.663611 893.767742 0.000000 879.742195
1441 22 1150.352550 1150.352550 134.150628 0.000000 134.150628 1016.201922 997.358643 0.000000
1441 21 1023.790173 1023.790173 119.761648 0.000000 119.761648 904.028525 0.000000 893.767742
1501 22 1138.488694 1138.488694 132.849931 0.000000 132.849931 1005.638762 0.000000 1016.201922
1501 21 1056.732503 1056.732503 121.358628 0.000000 121.358628 935.373876 0.000000 904.028525
1561 22 1151.152353 1151.152353 131.315956 0.000000 131.315956 1019.836397 0.000000 1005.638762
1561 21 1067.727479 1067.727479 125.805837 0.000000 125.805837 941.921643 0.000000 935.373876
1621 22 1163.495956 1163.495956 130.382156 0.000000 130.382156 1033.113800 0.000000 1019.836397
1621 21 1081.414935 1081.414935 125.489762 0.000000 125.489762 955.925174 941.921643 0.000000
1681 22 1176.173551 1176.173551 130.761326 0.000000 130.761326 1045.412225 0.000000 1033.113800
1681 21 1086.717985 1086.717985 126.039176 0.000000 126.039176 960.678808 0.000000 955.925174
1741 22 1179.182740 1179.182740 132.909125 0.000000 132.909125 1046.273615 0.000000 1045.412225
1741 21 1098.525840 1098.525840 125.537477 0.000000 125.537477 972.988363 0.000000 960.678808
1801 22 1187.405923 1187.405923 129.523953 0.000000 129.523953 1057.881970 1046.273615 0.000000
1801 21 1105.954312 1105.954312 128.082890 0.000000 128.082890 977.871422 0.000000 972.988363
1861 22 1201.769114 1201.769114 131.804850 0.000000 131.804850 1069.964263 0.000000 1057.881970
1861 21 1103.251301 1103.251301 124.787719 0.000000 124.787719 978.463582 977.871422 0.000000
1921 22 1200.415183 1200.415183 133.885864 0.000000 133.885864 1066.529319 0.000000 1069.964263
1921 21 1109.790197 1109.790197 125.368517 0.000000 125.368517 984.421680 0.000000 978.463582
1981 22 1215.101902 1215.101902 133.159722 0.000000 133.159722 1081.942179 0.000000 1066.529319
1981 21 1102.193940 1102.193940 128.194770 0.000000 128.194770 973.999170 0.000000 984.421680
2041 22 1217.312848 1217.312848 137.961097 0.000000 137.961097 1079.351751 0.000000 1081.942179
2041 21 1103.548961 1103.548961 124.269830 0.000000 124.269830 979.279130 0.000000 973.999170
2101 22 1224.567067 1224.567067 136.245715 0.000000 136.245715 1088.321352 0.000000 1079.351751
2101 21 1102.306070 1102.306070 126.939868 0.000000 126.939868 975.366203 0.000000 979.279130
2161 22 1234.072685 1234.072685 139.698443 0.000000 139.698443 1094.374242 0.000000 1088.321352
2161 21 1109.459729 1109.459729 124.755966 0.000000 124.755966 984.703763 0.000000 975.366203
2221 22 1232.880495 1232.880495 138.675716 0.000000 138.675716 1094.204779 0.000000 1094.374242
2221 21 1118.358663 1118.358663 127.852794 0.000000 127.852794 990.505869 0.000000 984.703763
2281 22 1238.213289 1238.213289 138.998818 0.000000 138.998818 1099.214472 0.000000 1094.204779
2281 21 1122.386075 1122.386075 129.060778 0.000000 129.060778 993.325298 0.000000 990.505869
2341 22 1256.699166 1256.699166 140.318974 0.000000 140.318974 1116.380192 0.000000 1099.214472
2341 21 1119.657068 1119.657068 127.539857 0.000000 127.539857 992.117210 0.000000 993.325298
2401 22 1260.866370 1260.866370 140.841016 0.000000 140.841016 1120.025354 1116.380192 0.000000
2401 21 1127.214690 1127.214690 127.481042 0.000000 127.481042 999.733649 0.000000 992.117210
2461 22 1261.360261 1261.360261 140.895869 0.000000 140.895869 1120.464393 0.000000 1120.025354
2461 21 1132.693974 1132.693974 129.321455 0.000000 129.321455 1003.372519 0.000000 999.733649
2521 22 1265.699602 1265.699602 142.035465 0.000000 142.035465 1123.664136 0.000000 1120.464393
2521 21 1134.523450 1134.523450 128.857551 0.000000 128.857551 1005.665900 0.000000 1003.372519
2581 22 1269.268674 1269.268674 142.347213 0.000000 142.347213 1126.921461 0.000000 1123.664136
2581 21 1131.367629 1131.367629 128.900035 0.000000 128.900035 1002.467594 0.000000 1005.665900
2641 22 1275.517078 1275.517078 143.533656 0.000000 143.533656 1131.983422 0.000000 1126.921461
2641 21 1128.899575 1128.899575 128.225090 0.000000 128.225090 1000.674485 0.000000 1002.467594
2701 22 1275.002558 1275.002558 144.594499 0.000000 144.594499 1130.408059 0.000000 1131.983422
2701 21 1136.481909 1136.481909 127.440232 0.000000 127.440232 1009.041677 0.000000 1000.674485
2761 22 1277.847103 1277.847103 144.511464 0.000000 144.511464 1133.335638 0.000000 1130.408059
2761 21 1138.903356 1138.903356 128.848464 0.000000 128.848464 1010.054892 0.000000 1009.041677
2821 22 1288.071092 1288.071092 144.707384 0.000000 144.707384 1143.363709 0.000000 1133.335638
2821 21 1129.251878 1129.251878 128.552978 0.000000 128.552978 1000.698901 0.000000 1010.054892
2881 22 1293.309261 1293.309261 147.601378 0.000000 147.601378 1145.707883 0.000000 1143.363709
2881 21 1125.965550 1125.965550 127.066014 0.000000 127.066014 998.899537 0.000000 1000.698901
2941 22 1289.592034 1289.592034 147.455003 0.000000 147.455003 1142.137031 0.000000 1145.707883
2941 21 1126.471979 1126.471979 126.931306 0.000000 126.931306 999.540673 0.000000 998.899537
3001 22 1287.480924 1287.480924 147.169973 0.000000 147.169973 1140.310951 0.000000 1142.137031
3001 21 1128.393915 1128.393915 128.004030 0.000000 128.004030 1000.389885 0.000000 999.540673
3061 22 1285.098139 1285.098139 147.558687 0.000000 147.558687 1137.539453 0.000000 1140.310951
3061 21 1126.668667 1126.668667 127.951400 0.000000 127.951400 998.717268 0.000000 1000.389885
3121 22 1281.744641 1281.744641 146.989881 0.000000 146.989881 1134.754760 0.000000 1137.539453
3121 21 1123.652891 1123.652891 127.857618 0.000000 127.857618 995.795273 0.000000 998.717268
3181 22 1280.772757 1280.772757 147.657277 0.000000 147.657277 1133.115479 0.000000 1134.754760
3181 21 1121.109315 1121.109315 127.592538 0.000000 127.592538 993.516777 0.000000 995.795273
3241 22 1280.477036 1280.477036 148.090207 0.000000 148.090207 1132.386829 0.000000 1133.115479
3241 21 1117.697871 1117.697871 128.009297 0.000000 128.009297 989.688574 0.000000 993.516777
3301 22 1275.437332 1275.437332 148.562413 0.000000 148.562413 1126.874919 0.000000 1132.386829
3301 21 1118.815529 1118.815529 127.792988 0.000000 127.792988 991.022541 0.000000 989.688574
3361 22 1271.269560 1271.269560 148.887052 0.000000 148.887052 1122.382508 0.000000 1126.874919
3361 21 1114.443153 1114.443153 127.793533 0.000000 127.793533 986.649620 0.000000 991.022541
3421 22 1268.495059 1268.495059 148.643768 0.000000 148.643768 1119.851291 0.000000 1122.382508
3421 21 1111.388730 1111.388730 128.232937 0.000000 128.232937 983.155792 0.000000 986.649620
3481 22 1268.352545 1268.352545 149.241337 0.000000 149.241337 1119.111209 0.000000 1119.851291
3481 21 1107.093316 1107.093316 128.527072 0.000000 128.527072 978.566244 0.000000 983.155792
3541 22 1261.825398 1261.825398 149.595206 0.000000 149.595206 1112.230192 0.000000 1119.111209
3541 21 1103.951127 1103.951127 128.384375 0.000000 128.384375 975.566753 0.000000 978.566244
