IT_NO ID ISCONSTRUCTOR NO_EMPLOYEES REVENUES TOTAL_ASSETS LIQUIDITY DEBT INVENTORY
1 4 0 56 0.000000 2319.333333 5.600000 1866.666667 112000
1 5 0 49 0.000000 2029.416667 4.900000 1633.333333 98000
1 6 0 57 0.000000 2360.750000 5.700000 1900.000000 114000
1 7 0 70 0.000000 2899.166667 7.000000 2333.333333 140000
1 8 0 45 0.000000 1863.750000 4.500000 1500.000000 90000
1 9 0 58 0.000000 2402.166667 5.800000 1933.333333 116000
1 10 0 35 0.000000 1449.583333 3.500000 1166.666667 70000
1 11 0 58 0.000000 2402.166667 5.800000 1933.333333 116000
1 12 0 65 0.000000 2692.083333 6.500000 2166.666667 130000
1 13 0 68 0.000000 2816.333333 6.800000 2266.666667 136000
1 14 0 54 0.000000 2236.500000 5.400000 1800.000000 108000
1 15 0 46 0.000000 1905.166667 4.600000 1533.333333 92000
1 3 1 20 0.000000 1043.333333 105.000000 666.666667 2
1 2 1 20 0.000000 1043.333333 105.000000 666.666667 2
1 1 1 20 0.000000 1043.333333 105.000000 666.666667 2
2 4 0 56 0.000000 2319.333333 5.600000 1866.666667 112000
2 5 0 49 0.000000 2029.416667 4.900000 1633.333333 98000
2 6 0 57 0.000000 2360.750000 5.700000 1900.000000 114000
2 7 0 70 0.000000 2899.166667 7.000000 2333.333333 140000
2 8 0 45 0.000000 1863.750000 4.500000 1500.000000 90000
2 9 0 58 0.000000 2402.166667 5.800000 1933.333333 116000
2 10 0 35 0.000000 1449.583333 3.500000 1166.666667 70000
2 11 0 58 0.000000 2402.166667 5.800000 1933.333333 116000
2 12 0 65 0.000000 2692.083333 6.500000 2166.666667 130000
2 13 0 68 0.000000 2816.333333 6.800000 2266.666667 136000
2 14 0 54 0.000000 2236.500000 5.400000 1800.000000 108000
2 15 0 46 0.000000 1905.166667 4.600000 1533.333333 92000
2 1 1 20 0.000000 1043.333333 105.000000 666.666667 2
2 2 1 20 0.000000 1043.333333 105.000000 666.666667 2
2 3 1 20 0.000000 1043.333333 105.000000 666.666667 2
3 4 0 56 0.000000 2319.333333 5.600000 1866.666667 112000
3 5 0 49 0.000000 2029.416667 4.900000 1633.333333 98000
3 6 0 57 0.000000 2360.750000 5.700000 1900.000000 114000
3 7 0 70 0.000000 2899.166667 7.000000 2333.333333 140000
3 8 0 45 0.000000 1863.750000 4.500000 1500.000000 90000
3 9 0 58 0.000000 2402.166667 5.800000 1933.333333 116000
3 10 0 35 0.000000 1449.583333 3.500000 1166.666667 70000
3 11 0 58 0.000000 2402.166667 5.800000 1933.333333 116000
3 12 0 65 0.000000 2692.083333 6.500000 2166.666667 130000
3 13 0 68 0.000000 2816.333333 6.800000 2266.666667 136000
3 14 0 54 0.000000 2236.500000 5.400000 1800.000000 108000
3 15 0 46 0.000000 1905.166667 4.600000 1533.333333 92000
3 3 1 20 0.000000 1043.333333 105.000000 666.666667 2
3 2 1 20 0.000000 1043.333333 105.000000 666.666667 2
3 1 1 20 0.000000 1043.333333 105.000000 666.666667 2
4 4 0 56 0.000000 2319.333333 5.600000 1866.666667 112000
4 5 0 49 0.000000 2029.416667 4.900000 1633.333333 98000
4 6 0 57 0.000000 2360.750000 5.700000 1900.000000 114000
4 7 0 70 0.000000 2899.166667 7.000000 2333.333333 140000
4 8 0 45 0.000000 1863.750000 4.500000 1500.000000 90000
4 9 0 58 0.000000 2402.166667 5.800000 1933.333333 116000
4 10 0 35 0.000000 1449.583333 3.500000 1166.666667 70000
4 11 0 58 0.000000 2402.166667 5.800000 1933.333333 116000
4 12 0 65 0.000000 2692.083333 6.500000 2166.666667 130000
4 13 0 68 0.000000 2816.333333 6.800000 2266.666667 136000
4 14 0 54 0.000000 2236.500000 5.400000 1800.000000 108000
4 15 0 46 0.000000 1905.166667 4.600000 1533.333333 92000
4 1 1 20 0.000000 1043.333333 105.000000 666.666667 2
4 2 1 20 0.000000 1043.333333 105.000000 666.666667 2
4 3 1 20 0.000000 1043.333333 105.000000 666.666667 2
5 4 0 56 0.000000 2319.333333 5.600000 1866.666667 112000
5 5 0 49 0.000000 2029.416667 4.900000 1633.333333 98000
5 6 0 57 0.000000 2360.750000 5.700000 1900.000000 114000
5 7 0 70 0.000000 2899.166667 7.000000 2333.333333 140000
5 8 0 45 0.000000 1863.750000 4.500000 1500.000000 90000
5 9 0 58 0.000000 2402.166667 5.800000 1933.333333 116000
5 10 0 35 0.000000 1449.583333 3.500000 1166.666667 70000
5 11 0 58 0.000000 2402.166667 5.800000 1933.333333 116000
5 12 0 65 0.000000 2692.083333 6.500000 2166.666667 130000
5 13 0 68 0.000000 2816.333333 6.800000 2266.666667 136000
5 14 0 54 0.000000 2236.500000 5.400000 1800.000000 108000
5 15 0 46 0.000000 1905.166667 4.600000 1533.333333 92000
5 3 1 20 0.000000 1043.333333 105.000000 666.666667 2
5 2 1 20 0.000000 1043.333333 105.000000 666.666667 2
5 1 1 20 0.000000 1043.333333 105.000000 666.666667 2
6 4 0 56 0.000000 2319.333333 5.600000 1866.666667 112000
6 5 0 49 0.000000 2029.416667 4.900000 1633.333333 98000
6 6 0 57 0.000000 2360.750000 5.700000 1900.000000 114000
6 7 0 70 0.000000 2899.166667 7.000000 2333.333333 140000
6 8 0 45 0.000000 1863.750000 4.500000 1500.000000 90000
6 9 0 58 0.000000 2402.166667 5.800000 1933.333333 116000
6 10 0 35 0.000000 1449.583333 3.500000 1166.666667 70000
6 11 0 58 0.000000 2402.166667 5.800000 1933.333333 116000
6 12 0 65 0.000000 2692.083333 6.500000 2166.666667 130000
6 13 0 68 0.000000 2816.333333 6.800000 2266.666667 136000
6 14 0 54 0.000000 2236.500000 5.400000 1800.000000 108000
6 15 0 46 0.000000 1905.166667 4.600000 1533.333333 92000
6 1 1 20 0.000000 1043.333333 105.000000 666.666667 2
6 2 1 20 0.000000 1043.333333 105.000000 666.666667 2
6 3 1 20 0.000000 1043.333333 105.000000 666.666667 2
7 4 0 56 0.000000 2319.333333 5.600000 1866.666667 112000
7 5 0 49 0.000000 2029.416667 4.900000 1633.333333 98000
7 6 0 57 0.000000 2360.750000 5.700000 1900.000000 114000
7 7 0 70 0.000000 2899.166667 7.000000 2333.333333 140000
7 8 0 45 0.000000 1863.750000 4.500000 1500.000000 90000
7 9 0 58 0.000000 2402.166667 5.800000 1933.333333 116000
7 10 0 35 0.000000 1449.583333 3.500000 1166.666667 70000
7 11 0 58 0.000000 2402.166667 5.800000 1933.333333 116000
7 12 0 65 0.000000 2692.083333 6.500000 2166.666667 130000
7 13 0 68 0.000000 2816.333333 6.800000 2266.666667 136000
7 14 0 54 0.000000 2236.500000 5.400000 1800.000000 108000
7 15 0 46 0.000000 1905.166667 4.600000 1533.333333 92000
7 3 1 20 0.000000 1043.333333 105.000000 666.666667 2
7 2 1 20 0.000000 1043.333333 105.000000 666.666667 2
7 1 1 20 0.000000 1043.333333 105.000000 666.666667 2
8 4 0 56 0.000000 2319.333333 5.600000 1866.666667 112000
8 5 0 49 0.000000 2029.416667 4.900000 1633.333333 98000
8 6 0 57 0.000000 2360.750000 5.700000 1900.000000 114000
8 7 0 70 0.000000 2899.166667 7.000000 2333.333333 140000
8 8 0 45 0.000000 1863.750000 4.500000 1500.000000 90000
8 9 0 58 0.000000 2402.166667 5.800000 1933.333333 116000
8 10 0 35 0.000000 1449.583333 3.500000 1166.666667 70000
8 11 0 58 0.000000 2402.166667 5.800000 1933.333333 116000
8 12 0 65 0.000000 2692.083333 6.500000 2166.666667 130000
8 13 0 68 0.000000 2816.333333 6.800000 2266.666667 136000
8 14 0 54 0.000000 2236.500000 5.400000 1800.000000 108000
8 15 0 46 0.000000 1905.166667 4.600000 1533.333333 92000
8 1 1 20 0.000000 1043.333333 105.000000 666.666667 2
8 2 1 20 0.000000 1043.333333 105.000000 666.666667 2
8 3 1 20 0.000000 1043.333333 105.000000 666.666667 2
9 4 0 56 0.000000 2319.333333 5.600000 1866.666667 112000
9 5 0 49 0.000000 2029.416667 4.900000 1633.333333 98000
9 6 0 57 0.000000 2360.750000 5.700000 1900.000000 114000
9 7 0 70 0.000000 2899.166667 7.000000 2333.333333 140000
9 8 0 45 0.000000 1863.750000 4.500000 1500.000000 90000
9 9 0 58 0.000000 2402.166667 5.800000 1933.333333 116000
9 10 0 35 0.000000 1449.583333 3.500000 1166.666667 70000
9 11 0 58 0.000000 2402.166667 5.800000 1933.333333 116000
9 12 0 65 0.000000 2692.083333 6.500000 2166.666667 130000
9 13 0 68 0.000000 2816.333333 6.800000 2266.666667 136000
9 14 0 54 0.000000 2236.500000 5.400000 1800.000000 108000
9 15 0 46 0.000000 1905.166667 4.600000 1533.333333 92000
9 3 1 20 0.000000 1043.333333 105.000000 666.666667 2
9 2 1 20 0.000000 1043.333333 105.000000 666.666667 2
9 1 1 20 0.000000 1043.333333 105.000000 666.666667 2
10 4 0 56 0.000000 2319.333333 5.600000 1866.666667 112000
10 5 0 49 0.000000 2029.416667 4.900000 1633.333333 98000
10 6 0 57 0.000000 2360.750000 5.700000 1900.000000 114000
10 7 0 70 0.000000 2899.166667 7.000000 2333.333333 140000
10 8 0 45 0.000000 1863.750000 4.500000 1500.000000 90000
10 9 0 58 0.000000 2402.166667 5.800000 1933.333333 116000
10 10 0 35 0.000000 1449.583333 3.500000 1166.666667 70000
10 11 0 58 0.000000 2402.166667 5.800000 1933.333333 116000
10 12 0 65 0.000000 2692.083333 6.500000 2166.666667 130000
10 13 0 68 0.000000 2816.333333 6.800000 2266.666667 136000
10 14 0 54 0.000000 2236.500000 5.400000 1800.000000 108000
10 15 0 46 0.000000 1905.166667 4.600000 1533.333333 92000
10 1 1 20 0.000000 1043.333333 105.000000 666.666667 2
10 2 1 20 0.000000 1043.333333 105.000000 666.666667 2
10 3 1 20 0.000000 1043.333333 105.000000 666.666667 2
11 4 0 56 0.000000 2319.333333 5.600000 1866.666667 112000
11 5 0 49 0.000000 2029.416667 4.900000 1633.333333 98000
11 6 0 57 0.000000 2360.750000 5.700000 1900.000000 114000
11 7 0 70 0.000000 2899.166667 7.000000 2333.333333 140000
11 8 0 45 0.000000 1863.750000 4.500000 1500.000000 90000
11 9 0 58 0.000000 2402.166667 5.800000 1933.333333 116000
11 10 0 35 0.000000 1449.583333 3.500000 1166.666667 70000
11 11 0 58 0.000000 2402.166667 5.800000 1933.333333 116000
11 12 0 65 0.000000 2692.083333 6.500000 2166.666667 130000
11 13 0 68 0.000000 2816.333333 6.800000 2266.666667 136000
11 14 0 54 0.000000 2236.500000 5.400000 1800.000000 108000
11 15 0 46 0.000000 1905.166667 4.600000 1533.333333 92000
11 3 1 20 0.000000 1043.333333 105.000000 666.666667 2
11 2 1 20 0.000000 1043.333333 105.000000 666.666667 2
11 1 1 20 0.000000 1043.333333 105.000000 666.666667 2
12 4 0 56 0.000000 2319.333333 5.600000 1866.666667 112000
12 5 0 49 0.000000 2029.416667 4.900000 1633.333333 98000
12 6 0 57 0.000000 2360.750000 5.700000 1900.000000 114000
12 7 0 70 0.000000 2899.166667 7.000000 2333.333333 140000
12 8 0 45 0.000000 1863.750000 4.500000 1500.000000 90000
12 9 0 58 0.000000 2402.166667 5.800000 1933.333333 116000
12 10 0 35 0.000000 1449.583333 3.500000 1166.666667 70000
12 11 0 58 0.000000 2402.166667 5.800000 1933.333333 116000
12 12 0 65 0.000000 2692.083333 6.500000 2166.666667 130000
12 13 0 68 0.000000 2816.333333 6.800000 2266.666667 136000
12 14 0 54 0.000000 2236.500000 5.400000 1800.000000 108000
12 15 0 46 0.000000 1905.166667 4.600000 1533.333333 92000
12 1 1 20 0.000000 1043.333333 105.000000 666.666667 2
12 2 1 20 0.000000 1043.333333 105.000000 666.666667 2
12 3 1 20 0.000000 1043.333333 105.000000 666.666667 2
13 4 0 56 0.000000 2319.333333 5.600000 1866.666667 112000
13 5 0 49 0.000000 2029.416667 4.900000 1633.333333 98000
13 6 0 57 0.000000 2360.750000 5.700000 1900.000000 114000
13 7 0 70 0.000000 2899.166667 7.000000 2333.333333 140000
13 8 0 45 0.000000 1863.750000 4.500000 1500.000000 90000
13 9 0 58 0.000000 2402.166667 5.800000 1933.333333 116000
13 10 0 35 0.000000 1449.583333 3.500000 1166.666667 70000
13 11 0 58 0.000000 2402.166667 5.800000 1933.333333 116000
13 12 0 65 0.000000 2692.083333 6.500000 2166.666667 130000
13 13 0 68 0.000000 2816.333333 6.800000 2266.666667 136000
13 14 0 54 0.000000 2236.500000 5.400000 1800.000000 108000
13 15 0 46 0.000000 1905.166667 4.600000 1533.333333 92000
13 3 1 20 0.000000 1043.333333 105.000000 666.666667 2
13 2 1 20 0.000000 1043.333333 105.000000 666.666667 2
13 1 1 20 0.000000 1043.333333 105.000000 666.666667 2
14 4 0 56 0.000000 2319.333333 5.600000 1866.666667 112000
14 5 0 49 0.000000 2029.416667 4.900000 1633.333333 98000
14 6 0 57 0.000000 2360.750000 5.700000 1900.000000 114000
14 7 0 70 0.000000 2899.166667 7.000000 2333.333333 140000
14 8 0 45 0.000000 1863.750000 4.500000 1500.000000 90000
14 9 0 58 0.000000 2402.166667 5.800000 1933.333333 116000
14 10 0 35 0.000000 1449.583333 3.500000 1166.666667 70000
14 11 0 58 0.000000 2402.166667 5.800000 1933.333333 116000
14 12 0 65 0.000000 2692.083333 6.500000 2166.666667 130000
14 13 0 68 0.000000 2816.333333 6.800000 2266.666667 136000
14 14 0 54 0.000000 2236.500000 5.400000 1800.000000 108000
14 15 0 46 0.000000 1905.166667 4.600000 1533.333333 92000
14 1 1 20 0.000000 1043.333333 105.000000 666.666667 2
14 2 1 20 0.000000 1043.333333 105.000000 666.666667 2
14 3 1 20 0.000000 1043.333333 105.000000 666.666667 2
15 4 0 56 0.000000 2319.333333 5.600000 1866.666667 112000
15 5 0 49 0.000000 2029.416667 4.900000 1633.333333 98000
15 6 0 57 0.000000 2360.750000 5.700000 1900.000000 114000
15 7 0 70 0.000000 2899.166667 7.000000 2333.333333 140000
15 8 0 45 0.000000 1863.750000 4.500000 1500.000000 90000
15 9 0 58 0.000000 2402.166667 5.800000 1933.333333 116000
15 10 0 35 0.000000 1449.583333 3.500000 1166.666667 70000
15 11 0 58 0.000000 2402.166667 5.800000 1933.333333 116000
15 12 0 65 0.000000 2692.083333 6.500000 2166.666667 130000
15 13 0 68 0.000000 2816.333333 6.800000 2266.666667 136000
15 14 0 54 0.000000 2236.500000 5.400000 1800.000000 108000
15 15 0 46 0.000000 1905.166667 4.600000 1533.333333 92000
15 3 1 20 0.000000 1043.333333 105.000000 666.666667 2
15 2 1 20 0.000000 1043.333333 105.000000 666.666667 2
15 1 1 20 0.000000 1043.333333 105.000000 666.666667 2
16 4 0 56 0.000000 2319.333333 5.600000 1866.666667 112000
16 5 0 49 0.000000 2029.416667 4.900000 1633.333333 98000
16 6 0 57 0.000000 2360.750000 5.700000 1900.000000 114000
16 7 0 70 0.000000 2899.166667 7.000000 2333.333333 140000
16 8 0 45 0.000000 1863.750000 4.500000 1500.000000 90000
16 9 0 58 0.000000 2402.166667 5.800000 1933.333333 116000
16 10 0 35 0.000000 1449.583333 3.500000 1166.666667 70000
16 11 0 58 0.000000 2402.166667 5.800000 1933.333333 116000
16 12 0 65 0.000000 2692.083333 6.500000 2166.666667 130000
16 13 0 68 0.000000 2816.333333 6.800000 2266.666667 136000
16 14 0 54 0.000000 2236.500000 5.400000 1800.000000 108000
16 15 0 46 0.000000 1905.166667 4.600000 1533.333333 92000
16 1 1 20 0.000000 1043.333333 105.000000 666.666667 2
16 2 1 20 0.000000 1043.333333 105.000000 666.666667 2
16 3 1 20 0.000000 1043.333333 105.000000 666.666667 2
17 4 0 56 0.000000 2319.333333 5.600000 1866.666667 112000
17 5 0 49 0.000000 2029.416667 4.900000 1633.333333 98000
17 6 0 57 0.000000 2360.750000 5.700000 1900.000000 114000
17 7 0 70 0.000000 2899.166667 7.000000 2333.333333 140000
17 8 0 45 0.000000 1863.750000 4.500000 1500.000000 90000
17 9 0 58 0.000000 2402.166667 5.800000 1933.333333 116000
17 10 0 35 0.000000 1449.583333 3.500000 1166.666667 70000
17 11 0 58 0.000000 2402.166667 5.800000 1933.333333 116000
17 12 0 65 0.000000 2692.083333 6.500000 2166.666667 130000
17 13 0 68 0.000000 2816.333333 6.800000 2266.666667 136000
17 14 0 54 0.000000 2236.500000 5.400000 1800.000000 108000
17 15 0 46 0.000000 1905.166667 4.600000 1533.333333 92000
17 3 1 20 0.000000 1043.333333 105.000000 666.666667 2
17 2 1 20 0.000000 1043.333333 105.000000 666.666667 2
17 1 1 20 0.000000 1043.333333 105.000000 666.666667 2
18 4 0 56 0.000000 2319.333333 5.600000 1866.666667 112000
18 5 0 49 0.000000 2029.416667 4.900000 1633.333333 98000
18 6 0 57 0.000000 2360.750000 5.700000 1900.000000 114000
18 7 0 70 0.000000 2899.166667 7.000000 2333.333333 140000
18 8 0 45 0.000000 1863.750000 4.500000 1500.000000 90000
18 9 0 58 0.000000 2402.166667 5.800000 1933.333333 116000
18 10 0 35 0.000000 1449.583333 3.500000 1166.666667 70000
18 11 0 58 0.000000 2402.166667 5.800000 1933.333333 116000
18 12 0 65 0.000000 2692.083333 6.500000 2166.666667 130000
18 13 0 68 0.000000 2816.333333 6.800000 2266.666667 136000
18 14 0 54 0.000000 2236.500000 5.400000 1800.000000 108000
18 15 0 46 0.000000 1905.166667 4.600000 1533.333333 92000
18 1 1 20 0.000000 1043.333333 105.000000 666.666667 2
18 2 1 20 0.000000 1043.333333 105.000000 666.666667 2
18 3 1 20 0.000000 1043.333333 105.000000 666.666667 2
19 4 0 56 0.000000 2319.333333 5.600000 1866.666667 112000
19 5 0 49 0.000000 2029.416667 4.900000 1633.333333 98000
19 6 0 57 0.000000 2360.750000 5.700000 1900.000000 114000
19 7 0 70 0.000000 2899.166667 7.000000 2333.333333 140000
19 8 0 45 0.000000 1863.750000 4.500000 1500.000000 90000
19 9 0 58 0.000000 2402.166667 5.800000 1933.333333 116000
19 10 0 35 0.000000 1449.583333 3.500000 1166.666667 70000
19 11 0 58 0.000000 2402.166667 5.800000 1933.333333 116000
19 12 0 65 0.000000 2692.083333 6.500000 2166.666667 130000
19 13 0 68 0.000000 2816.333333 6.800000 2266.666667 136000
19 14 0 54 0.000000 2236.500000 5.400000 1800.000000 108000
19 15 0 46 0.000000 1905.166667 4.600000 1533.333333 92000
19 3 1 20 0.000000 1043.333333 105.000000 666.666667 2
19 2 1 20 0.000000 1043.333333 105.000000 666.666667 2
19 1 1 20 0.000000 1043.333333 105.000000 666.666667 2
20 4 0 56 0.000000 2319.333333 -274.400000 1866.666667 112000
20 5 0 49 0.000000 2029.416667 -240.100000 1633.333333 98000
20 6 0 57 0.000000 2360.750000 -279.300000 1900.000000 114000
20 7 0 70 0.000000 2899.166667 -343.000000 2333.333333 140000
20 8 0 45 0.000000 1863.750000 -220.500000 1500.000000 90000
20 9 0 58 0.000000 2402.166667 -284.200000 1933.333333 116000
20 10 0 35 0.000000 1449.583333 -171.500000 1166.666667 70000
20 11 0 58 0.000000 2402.166667 -284.200000 1933.333333 116000
20 12 0 65 0.000000 2692.083333 -318.500000 2166.666667 130000
20 13 0 68 0.000000 2816.333333 -333.200000 2266.666667 136000
20 14 0 54 0.000000 2236.500000 -264.600000 1800.000000 108000
20 15 0 46 0.000000 1905.166667 -225.400000 1533.333333 92000
20 1 1 20 0.000000 1043.333333 5.000000 666.666667 2
20 2 1 20 0.000000 1043.333333 5.000000 666.666667 2
20 3 1 20 0.000000 1043.333333 5.000000 666.666667 2
21 4 0 40 0.000000 2319.333333 -274.400000 1866.666667 168000
21 5 0 35 0.000000 2029.416667 -240.100000 1633.333333 147000
21 6 0 40 0.000000 2360.750000 -279.300000 1900.000000 171000
21 7 0 50 0.000000 2899.166667 -343.000000 2333.333333 210000
21 8 0 32 0.000000 1863.750000 -220.500000 1500.000000 135000
21 9 0 41 0.000000 2402.166667 -284.200000 1933.333333 174000
21 10 0 25 0.000000 1449.583333 -171.500000 1166.666667 105000
21 11 0 41 0.000000 2402.166667 -284.200000 1933.333333 174000
21 12 0 46 0.000000 2692.083333 -318.500000 2166.666667 195000
21 13 0 48 0.000000 2816.333333 -333.200000 2266.666667 204000
21 14 0 38 0.000000 2236.500000 -264.600000 1800.000000 162000
21 15 0 33 0.000000 1905.166667 -225.400000 1533.333333 138000
21 3 1 20 0.000000 1043.333333 5.000000 666.666667 2
21 2 1 20 0.000000 1043.333333 5.000000 666.666667 4
21 1 1 20 0.000000 1043.333333 5.000000 666.666667 4
22 4 0 40 0.000000 2319.333333 -274.400000 1866.666667 168000
22 5 0 35 0.000000 2029.416667 -240.100000 1633.333333 147000
22 6 0 40 0.000000 2360.750000 -279.300000 1900.000000 171000
22 7 0 50 0.000000 2899.166667 -343.000000 2333.333333 210000
22 8 0 32 0.000000 1863.750000 -220.500000 1500.000000 135000
22 9 0 41 0.000000 2402.166667 -284.200000 1933.333333 174000
22 10 0 25 0.000000 1449.583333 -171.500000 1166.666667 105000
22 11 0 41 0.000000 2402.166667 -284.200000 1933.333333 174000
22 12 0 46 0.000000 2692.083333 -318.500000 2166.666667 195000
22 13 0 48 0.000000 2816.333333 -333.200000 2266.666667 204000
22 14 0 38 0.000000 2236.500000 -264.600000 1800.000000 162000
22 15 0 33 0.000000 1905.166667 -225.400000 1533.333333 138000
22 1 1 20 0.000000 1043.333333 5.000000 666.666667 4
22 2 1 20 0.000000 1043.333333 5.000000 666.666667 4
22 3 1 20 0.000000 1043.333333 5.000000 666.666667 2
23 4 0 40 0.000000 2319.333333 -274.400000 1866.666667 168000
23 5 0 35 0.000000 2029.416667 -240.100000 1633.333333 147000
23 6 0 40 0.000000 2360.750000 -279.300000 1900.000000 171000
23 7 0 50 0.000000 2899.166667 -343.000000 2333.333333 210000
23 8 0 32 0.000000 1863.750000 -220.500000 1500.000000 135000
23 9 0 41 0.000000 2402.166667 -284.200000 1933.333333 174000
23 10 0 25 0.000000 1449.583333 -171.500000 1166.666667 105000
23 11 0 41 0.000000 2402.166667 -284.200000 1933.333333 174000
23 12 0 46 0.000000 2692.083333 -318.500000 2166.666667 195000
23 13 0 48 0.000000 2816.333333 -333.200000 2266.666667 204000
23 14 0 38 0.000000 2236.500000 -264.600000 1800.000000 162000
23 15 0 33 0.000000 1905.166667 -225.400000 1533.333333 138000
23 3 1 20 0.000000 1043.333333 5.000000 666.666667 2
23 2 1 20 0.000000 1043.333333 5.000000 666.666667 4
23 1 1 20 0.000000 1043.333333 5.000000 666.666667 4
24 4 0 40 0.000000 2319.333333 -274.400000 1866.666667 168000
24 5 0 35 0.000000 2029.416667 -240.100000 1633.333333 147000
24 6 0 40 0.000000 2360.750000 -279.300000 1900.000000 171000
24 7 0 50 0.000000 2899.166667 -343.000000 2333.333333 210000
24 8 0 32 0.000000 1863.750000 -220.500000 1500.000000 135000
24 9 0 41 0.000000 2402.166667 -284.200000 1933.333333 174000
24 10 0 25 0.000000 1449.583333 -171.500000 1166.666667 105000
24 11 0 41 0.000000 2402.166667 -284.200000 1933.333333 174000
24 12 0 46 0.000000 2692.083333 -318.500000 2166.666667 195000
24 13 0 48 0.000000 2816.333333 -333.200000 2266.666667 204000
24 14 0 38 0.000000 2236.500000 -264.600000 1800.000000 162000
24 15 0 33 0.000000 1905.166667 -225.400000 1533.333333 138000
24 1 1 20 0.000000 1043.333333 5.000000 666.666667 4
24 2 1 20 0.000000 1043.333333 5.000000 666.666667 4
24 3 1 20 0.000000 1043.333333 5.000000 666.666667 2
25 4 0 40 0.000000 2319.333333 -274.400000 1866.666667 168000
25 5 0 35 0.000000 2029.416667 -240.100000 1633.333333 147000
25 6 0 40 0.000000 2360.750000 -279.300000 1900.000000 171000
25 7 0 50 0.000000 2899.166667 -343.000000 2333.333333 210000
25 8 0 32 0.000000 1863.750000 -220.500000 1500.000000 135000
25 9 0 41 0.000000 2402.166667 -284.200000 1933.333333 174000
25 10 0 25 0.000000 1449.583333 -171.500000 1166.666667 105000
25 11 0 41 0.000000 2402.166667 -284.200000 1933.333333 174000
25 12 0 46 0.000000 2692.083333 -318.500000 2166.666667 195000
25 13 0 48 0.000000 2816.333333 -333.200000 2266.666667 204000
25 14 0 38 0.000000 2236.500000 -264.600000 1800.000000 162000
25 15 0 33 0.000000 1905.166667 -225.400000 1533.333333 138000
25 3 1 20 0.000000 1043.333333 5.000000 666.666667 2
25 2 1 20 0.000000 1043.333333 5.000000 666.666667 4
25 1 1 20 0.000000 1043.333333 5.000000 666.666667 4
26 4 0 40 0.000000 2319.333333 -274.400000 1866.666667 168000
26 5 0 35 0.000000 2029.416667 -240.100000 1633.333333 147000
26 6 0 40 0.000000 2360.750000 -279.300000 1900.000000 171000
26 7 0 50 0.000000 2899.166667 -343.000000 2333.333333 210000
26 8 0 32 0.000000 1863.750000 -220.500000 1500.000000 135000
26 9 0 41 0.000000 2402.166667 -284.200000 1933.333333 174000
26 10 0 25 0.000000 1449.583333 -171.500000 1166.666667 105000
26 11 0 41 0.000000 2402.166667 -284.200000 1933.333333 174000
26 12 0 46 0.000000 2692.083333 -318.500000 2166.666667 195000
26 13 0 48 0.000000 2816.333333 -333.200000 2266.666667 204000
26 14 0 38 0.000000 2236.500000 -264.600000 1800.000000 162000
26 15 0 33 0.000000 1905.166667 -225.400000 1533.333333 138000
26 1 1 20 0.000000 1043.333333 5.000000 666.666667 4
26 2 1 20 0.000000 1043.333333 5.000000 666.666667 4
26 3 1 20 0.000000 1043.333333 5.000000 666.666667 2
27 4 0 40 0.000000 2319.333333 -274.400000 1866.666667 168000
27 5 0 35 0.000000 2029.416667 -240.100000 1633.333333 147000
27 6 0 40 0.000000 2360.750000 -279.300000 1900.000000 171000
27 7 0 50 0.000000 2899.166667 -343.000000 2333.333333 210000
27 8 0 32 0.000000 1863.750000 -220.500000 1500.000000 135000
27 9 0 41 0.000000 2402.166667 -284.200000 1933.333333 174000
27 10 0 25 0.000000 1449.583333 -171.500000 1166.666667 105000
27 11 0 41 0.000000 2402.166667 -284.200000 1933.333333 174000
27 12 0 46 0.000000 2692.083333 -318.500000 2166.666667 195000
27 13 0 48 0.000000 2816.333333 -333.200000 2266.666667 204000
27 14 0 38 0.000000 2236.500000 -264.600000 1800.000000 162000
27 15 0 33 0.000000 1905.166667 -225.400000 1533.333333 138000
27 3 1 20 0.000000 1043.333333 5.000000 666.666667 2
27 2 1 20 0.000000 1043.333333 5.000000 666.666667 4
27 1 1 20 0.000000 1043.333333 5.000000 666.666667 4
28 4 0 40 0.000000 2319.333333 -274.400000 1866.666667 168000
28 5 0 35 0.000000 2029.416667 -240.100000 1633.333333 147000
28 6 0 40 0.000000 2360.750000 -279.300000 1900.000000 171000
28 7 0 50 0.000000 2899.166667 -343.000000 2333.333333 210000
28 8 0 32 0.000000 1863.750000 -220.500000 1500.000000 135000
28 9 0 41 0.000000 2402.166667 -284.200000 1933.333333 174000
28 10 0 25 0.000000 1449.583333 -171.500000 1166.666667 105000
28 11 0 41 0.000000 2402.166667 -284.200000 1933.333333 174000
28 12 0 46 0.000000 2692.083333 -318.500000 2166.666667 195000
28 13 0 48 0.000000 2816.333333 -333.200000 2266.666667 204000
28 14 0 38 0.000000 2236.500000 -264.600000 1800.000000 162000
28 15 0 33 0.000000 1905.166667 -225.400000 1533.333333 138000
28 1 1 20 0.000000 1043.333333 5.000000 666.666667 4
28 2 1 20 0.000000 1043.333333 5.000000 666.666667 4
28 3 1 20 0.000000 1043.333333 5.000000 666.666667 2
29 4 0 40 0.000000 2319.333333 -274.400000 1866.666667 168000
29 5 0 35 0.000000 2029.416667 -240.100000 1633.333333 147000
29 6 0 40 0.000000 2360.750000 -279.300000 1900.000000 171000
29 7 0 50 0.000000 2899.166667 -343.000000 2333.333333 210000
29 8 0 32 0.000000 1863.750000 -220.500000 1500.000000 135000
29 9 0 41 0.000000 2402.166667 -284.200000 1933.333333 174000
29 10 0 25 0.000000 1449.583333 -171.500000 1166.666667 105000
29 11 0 41 0.000000 2402.166667 -284.200000 1933.333333 174000
29 12 0 46 0.000000 2692.083333 -318.500000 2166.666667 195000
29 13 0 48 0.000000 2816.333333 -333.200000 2266.666667 204000
29 14 0 38 0.000000 2236.500000 -264.600000 1800.000000 162000
29 15 0 33 0.000000 1905.166667 -225.400000 1533.333333 138000
29 3 1 20 0.000000 1043.333333 5.000000 666.666667 2
29 2 1 20 0.000000 1043.333333 5.000000 666.666667 4
29 1 1 20 0.000000 1043.333333 5.000000 666.666667 4
30 4 0 40 0.000000 2319.333333 -274.400000 1866.666667 168000
30 5 0 35 0.000000 2029.416667 -240.100000 1633.333333 147000
30 6 0 40 0.000000 2360.750000 -279.300000 1900.000000 171000
30 7 0 50 0.000000 2899.166667 -343.000000 2333.333333 210000
30 8 0 32 0.000000 1863.750000 -220.500000 1500.000000 135000
30 9 0 41 0.000000 2402.166667 -284.200000 1933.333333 174000
30 10 0 25 0.000000 1449.583333 -171.500000 1166.666667 105000
30 11 0 41 0.000000 2402.166667 -284.200000 1933.333333 174000
30 12 0 46 0.000000 2692.083333 -318.500000 2166.666667 195000
30 13 0 48 0.000000 2816.333333 -333.200000 2266.666667 204000
30 14 0 38 0.000000 2236.500000 -264.600000 1800.000000 162000
30 15 0 33 0.000000 1905.166667 -225.400000 1533.333333 138000
30 1 1 20 0.000000 1043.333333 5.000000 666.666667 4
30 2 1 20 0.000000 1043.333333 5.000000 666.666667 4
30 3 1 20 0.000000 1043.333333 5.000000 666.666667 2
31 4 0 40 0.000000 2319.333333 -274.400000 1866.666667 168000
31 5 0 35 0.000000 2029.416667 -240.100000 1633.333333 147000
31 6 0 40 0.000000 2360.750000 -279.300000 1900.000000 171000
31 7 0 50 0.000000 2899.166667 -343.000000 2333.333333 210000
31 8 0 32 0.000000 1863.750000 -220.500000 1500.000000 135000
31 9 0 41 0.000000 2402.166667 -284.200000 1933.333333 174000
31 10 0 25 0.000000 1449.583333 -171.500000 1166.666667 105000
31 11 0 41 0.000000 2402.166667 -284.200000 1933.333333 174000
31 12 0 46 0.000000 2692.083333 -318.500000 2166.666667 195000
31 13 0 48 0.000000 2816.333333 -333.200000 2266.666667 204000
31 14 0 38 0.000000 2236.500000 -264.600000 1800.000000 162000
31 15 0 33 0.000000 1905.166667 -225.400000 1533.333333 138000
31 3 1 20 0.000000 1043.333333 5.000000 666.666667 2
31 2 1 20 0.000000 1043.333333 5.000000 666.666667 4
31 1 1 20 0.000000 1043.333333 5.000000 666.666667 4
32 4 0 40 0.000000 2319.333333 -274.400000 1866.666667 168000
32 5 0 35 0.000000 2029.416667 -240.100000 1633.333333 147000
32 6 0 40 0.000000 2360.750000 -279.300000 1900.000000 171000
32 7 0 50 0.000000 2899.166667 -343.000000 2333.333333 210000
32 8 0 32 0.000000 1863.750000 -220.500000 1500.000000 135000
32 9 0 41 0.000000 2402.166667 -284.200000 1933.333333 174000
32 10 0 25 0.000000 1449.583333 -171.500000 1166.666667 105000
32 11 0 41 0.000000 2402.166667 -284.200000 1933.333333 174000
32 12 0 46 0.000000 2692.083333 -318.500000 2166.666667 195000
32 13 0 48 0.000000 2816.333333 -333.200000 2266.666667 204000
32 14 0 38 0.000000 2236.500000 -264.600000 1800.000000 162000
32 15 0 33 0.000000 1905.166667 -225.400000 1533.333333 138000
32 1 1 20 0.000000 1043.333333 5.000000 666.666667 4
32 2 1 20 0.000000 1043.333333 5.000000 666.666667 4
32 3 1 20 0.000000 1043.333333 5.000000 666.666667 2
33 4 0 40 0.000000 2319.333333 -274.400000 1866.666667 168000
33 5 0 35 0.000000 2029.416667 -240.100000 1633.333333 147000
33 6 0 40 0.000000 2360.750000 -279.300000 1900.000000 171000
33 7 0 50 0.000000 2899.166667 -343.000000 2333.333333 210000
33 8 0 32 0.000000 1863.750000 -220.500000 1500.000000 135000
33 9 0 41 0.000000 2402.166667 -284.200000 1933.333333 174000
33 10 0 25 0.000000 1449.583333 -171.500000 1166.666667 105000
33 11 0 41 0.000000 2402.166667 -284.200000 1933.333333 174000
33 12 0 46 0.000000 2692.083333 -318.500000 2166.666667 195000
33 13 0 48 0.000000 2816.333333 -333.200000 2266.666667 204000
33 14 0 38 0.000000 2236.500000 -264.600000 1800.000000 162000
33 15 0 33 0.000000 1905.166667 -225.400000 1533.333333 138000
33 3 1 20 0.000000 1043.333333 5.000000 666.666667 2
33 2 1 20 0.000000 1043.333333 5.000000 666.666667 4
33 1 1 20 0.000000 1043.333333 5.000000 666.666667 4
34 4 0 40 0.000000 2319.333333 -274.400000 1866.666667 168000
34 5 0 35 0.000000 2029.416667 -240.100000 1633.333333 147000
34 6 0 40 0.000000 2360.750000 -279.300000 1900.000000 171000
34 7 0 50 0.000000 2899.166667 -343.000000 2333.333333 210000
34 8 0 32 0.000000 1863.750000 -220.500000 1500.000000 135000
34 9 0 41 0.000000 2402.166667 -284.200000 1933.333333 174000
34 10 0 25 0.000000 1449.583333 -171.500000 1166.666667 105000
34 11 0 41 0.000000 2402.166667 -284.200000 1933.333333 174000
34 12 0 46 0.000000 2692.083333 -318.500000 2166.666667 195000
34 13 0 48 0.000000 2816.333333 -333.200000 2266.666667 204000
34 14 0 38 0.000000 2236.500000 -264.600000 1800.000000 162000
34 15 0 33 0.000000 1905.166667 -225.400000 1533.333333 138000
34 1 1 20 0.000000 1043.333333 5.000000 666.666667 4
34 2 1 20 0.000000 1043.333333 5.000000 666.666667 4
34 3 1 20 0.000000 1043.333333 5.000000 666.666667 2
35 4 0 40 0.000000 2319.333333 -274.400000 1866.666667 168000
35 5 0 35 0.000000 2029.416667 -240.100000 1633.333333 147000
35 6 0 40 0.000000 2360.750000 -279.300000 1900.000000 171000
35 7 0 50 0.000000 2899.166667 -343.000000 2333.333333 210000
35 8 0 32 0.000000 1863.750000 -220.500000 1500.000000 135000
35 9 0 41 0.000000 2402.166667 -284.200000 1933.333333 174000
35 10 0 25 0.000000 1449.583333 -171.500000 1166.666667 105000
35 11 0 41 0.000000 2402.166667 -284.200000 1933.333333 174000
35 12 0 46 0.000000 2692.083333 -318.500000 2166.666667 195000
35 13 0 48 0.000000 2816.333333 -333.200000 2266.666667 204000
35 14 0 38 0.000000 2236.500000 -264.600000 1800.000000 162000
35 15 0 33 0.000000 1905.166667 -225.400000 1533.333333 138000
35 3 1 20 0.000000 1043.333333 5.000000 666.666667 2
35 2 1 20 0.000000 1043.333333 5.000000 666.666667 4
35 1 1 20 0.000000 1043.333333 5.000000 666.666667 4
36 4 0 40 0.000000 2319.333333 -274.400000 1866.666667 168000
36 5 0 35 0.000000 2029.416667 -240.100000 1633.333333 147000
36 6 0 40 0.000000 2360.750000 -279.300000 1900.000000 171000
36 7 0 50 0.000000 2899.166667 -343.000000 2333.333333 210000
36 8 0 32 0.000000 1863.750000 -220.500000 1500.000000 135000
36 9 0 41 0.000000 2402.166667 -284.200000 1933.333333 174000
36 10 0 25 0.000000 1449.583333 -171.500000 1166.666667 105000
36 11 0 41 0.000000 2402.166667 -284.200000 1933.333333 174000
36 12 0 46 0.000000 2692.083333 -318.500000 2166.666667 195000
36 13 0 48 0.000000 2816.333333 -333.200000 2266.666667 204000
36 14 0 38 0.000000 2236.500000 -264.600000 1800.000000 162000
36 15 0 33 0.000000 1905.166667 -225.400000 1533.333333 138000
36 1 1 20 0.000000 1043.333333 5.000000 666.666667 4
36 2 1 20 0.000000 1043.333333 5.000000 666.666667 4
36 3 1 20 0.000000 1043.333333 5.000000 666.666667 2
37 4 0 40 0.000000 2319.333333 -274.400000 1866.666667 168000
37 5 0 35 0.000000 2029.416667 -240.100000 1633.333333 147000
37 6 0 40 0.000000 2360.750000 -279.300000 1900.000000 171000
37 7 0 50 0.000000 2899.166667 -343.000000 2333.333333 210000
37 8 0 32 0.000000 1863.750000 -220.500000 1500.000000 135000
37 9 0 41 0.000000 2402.166667 -284.200000 1933.333333 174000
37 10 0 25 0.000000 1449.583333 -171.500000 1166.666667 105000
37 11 0 41 0.000000 2402.166667 -284.200000 1933.333333 174000
37 12 0 46 0.000000 2692.083333 -318.500000 2166.666667 195000
37 13 0 48 0.000000 2816.333333 -333.200000 2266.666667 204000
37 14 0 38 0.000000 2236.500000 -264.600000 1800.000000 162000
37 15 0 33 0.000000 1905.166667 -225.400000 1533.333333 138000
37 3 1 20 0.000000 1043.333333 5.000000 666.666667 2
37 2 1 20 0.000000 1043.333333 5.000000 666.666667 4
37 1 1 20 0.000000 1043.333333 5.000000 666.666667 4
38 4 0 40 0.000000 2319.333333 -274.400000 1866.666667 168000
38 5 0 35 0.000000 2029.416667 -240.100000 1633.333333 147000
38 6 0 40 0.000000 2360.750000 -279.300000 1900.000000 171000
38 7 0 50 0.000000 2899.166667 -343.000000 2333.333333 210000
38 8 0 32 0.000000 1863.750000 -220.500000 1500.000000 135000
38 9 0 41 0.000000 2402.166667 -284.200000 1933.333333 174000
38 10 0 25 0.000000 1449.583333 -171.500000 1166.666667 105000
38 11 0 41 0.000000 2402.166667 -284.200000 1933.333333 174000
38 12 0 46 0.000000 2692.083333 -318.500000 2166.666667 195000
38 13 0 48 0.000000 2816.333333 -333.200000 2266.666667 204000
38 14 0 38 0.000000 2236.500000 -264.600000 1800.000000 162000
38 15 0 33 0.000000 1905.166667 -225.400000 1533.333333 138000
38 1 1 20 0.000000 1043.333333 5.000000 666.666667 4
38 2 1 20 0.000000 1043.333333 5.000000 666.666667 4
38 3 1 20 0.000000 1043.333333 5.000000 666.666667 2
39 4 0 40 0.000000 2319.333333 -274.400000 1866.666667 168000
39 5 0 35 0.000000 2029.416667 -240.100000 1633.333333 147000
39 6 0 40 0.000000 2360.750000 -279.300000 1900.000000 171000
39 7 0 50 0.000000 2899.166667 -343.000000 2333.333333 210000
39 8 0 32 0.000000 1863.750000 -220.500000 1500.000000 135000
39 9 0 41 0.000000 2402.166667 -284.200000 1933.333333 174000
39 10 0 25 0.000000 1449.583333 -171.500000 1166.666667 105000
39 11 0 41 0.000000 2402.166667 -284.200000 1933.333333 174000
39 12 0 46 0.000000 2692.083333 -318.500000 2166.666667 195000
39 13 0 48 0.000000 2816.333333 -333.200000 2266.666667 204000
39 14 0 38 0.000000 2236.500000 -264.600000 1800.000000 162000
39 15 0 33 0.000000 1905.166667 -225.400000 1533.333333 138000
39 3 1 20 0.000000 1043.333333 5.000000 666.666667 2
39 2 1 20 0.000000 1043.333333 5.000000 666.666667 4
39 1 1 20 0.000000 1043.333333 5.000000 666.666667 4
40 4 0 40 0.000000 2319.333333 -474.400000 1866.666667 168000
40 5 0 35 0.000000 2029.416667 -415.100000 1633.333333 147000
40 6 0 40 0.000000 2360.750000 -479.300000 1900.000000 171000
40 7 0 50 0.000000 2899.166667 -593.000000 2333.333333 210000
40 8 0 32 0.000000 1863.750000 -380.500000 1500.000000 135000
40 9 0 41 0.000000 2402.166667 -489.200000 1933.333333 174000
40 10 0 25 0.000000 1449.583333 -296.500000 1166.666667 105000
40 11 0 41 0.000000 2402.166667 -489.200000 1933.333333 174000
40 12 0 46 0.000000 2692.083333 -548.500000 2166.666667 195000
40 13 0 48 0.000000 2816.333333 -573.200000 2266.666667 204000
40 14 0 38 0.000000 2236.500000 -454.600000 1800.000000 162000
40 15 0 33 0.000000 1905.166667 -390.400000 1533.333333 138000
40 1 1 20 0.000000 1043.333333 -95.000000 666.666667 4
40 2 1 20 0.000000 1043.333333 -95.000000 666.666667 4
40 3 1 20 0.000000 1043.333333 -95.000000 666.666667 2
41 4 0 20 0.000000 2319.333333 -474.400000 1866.666667 208000
41 5 0 17 0.000000 2029.416667 -415.100000 1633.333333 182000
41 6 0 19 0.000000 2360.750000 -479.300000 1900.000000 211000
41 7 0 25 0.000000 2899.166667 -593.000000 2333.333333 260000
41 8 0 16 0.000000 1863.750000 -380.500000 1500.000000 167000
41 9 0 20 0.000000 2402.166667 -489.200000 1933.333333 215000
41 10 0 13 0.000000 1449.583333 -296.500000 1166.666667 130000
41 11 0 20 0.000000 2402.166667 -489.200000 1933.333333 215000
41 12 0 22 0.000000 2692.083333 -548.500000 2166.666667 241000
41 13 0 23 0.000000 2816.333333 -573.200000 2266.666667 252000
41 14 0 19 0.000000 2236.500000 -454.600000 1800.000000 200000
41 15 0 16 0.000000 1905.166667 -390.400000 1533.333333 171000
41 3 1 20 0.000000 1043.333333 -95.000000 666.666667 4
41 2 1 20 0.000000 1043.333333 -95.000000 666.666667 6
41 1 1 20 0.000000 1043.333333 -95.000000 666.666667 6
42 4 0 20 0.000000 2319.333333 -474.400000 1866.666667 208000
42 5 0 17 0.000000 2029.416667 -415.100000 1633.333333 182000
42 6 0 19 0.000000 2360.750000 -479.300000 1900.000000 211000
42 7 0 25 0.000000 2899.166667 -593.000000 2333.333333 260000
42 8 0 16 0.000000 1863.750000 -380.500000 1500.000000 167000
42 9 0 20 0.000000 2402.166667 -489.200000 1933.333333 215000
42 10 0 13 0.000000 1449.583333 -296.500000 1166.666667 130000
42 11 0 20 0.000000 2402.166667 -489.200000 1933.333333 215000
42 12 0 22 0.000000 2692.083333 -548.500000 2166.666667 241000
42 13 0 23 0.000000 2816.333333 -573.200000 2266.666667 252000
42 14 0 19 0.000000 2236.500000 -454.600000 1800.000000 200000
42 15 0 16 0.000000 1905.166667 -390.400000 1533.333333 171000
42 1 1 20 0.000000 1043.333333 -95.000000 666.666667 6
42 2 1 20 0.000000 1043.333333 -95.000000 666.666667 6
42 3 1 20 0.000000 1043.333333 -95.000000 666.666667 4
43 4 0 20 0.000000 2319.333333 -474.400000 1866.666667 208000
43 5 0 17 0.000000 2029.416667 -415.100000 1633.333333 182000
43 6 0 19 0.000000 2360.750000 -479.300000 1900.000000 211000
43 7 0 25 0.000000 2899.166667 -593.000000 2333.333333 260000
43 8 0 16 0.000000 1863.750000 -380.500000 1500.000000 167000
43 9 0 20 0.000000 2402.166667 -489.200000 1933.333333 215000
43 10 0 13 0.000000 1449.583333 -296.500000 1166.666667 130000
43 11 0 20 0.000000 2402.166667 -489.200000 1933.333333 215000
43 12 0 22 0.000000 2692.083333 -548.500000 2166.666667 241000
43 13 0 23 0.000000 2816.333333 -573.200000 2266.666667 252000
43 14 0 19 0.000000 2236.500000 -454.600000 1800.000000 200000
43 15 0 16 0.000000 1905.166667 -390.400000 1533.333333 171000
43 3 1 20 0.000000 1043.333333 -95.000000 666.666667 4
43 2 1 20 0.000000 1043.333333 -95.000000 666.666667 6
43 1 1 20 0.000000 1043.333333 -95.000000 666.666667 6
44 4 0 20 0.000000 2319.333333 -474.400000 1866.666667 208000
44 5 0 17 0.000000 2029.416667 -415.100000 1633.333333 182000
44 6 0 19 0.000000 2360.750000 -479.300000 1900.000000 211000
44 7 0 25 0.000000 2899.166667 -593.000000 2333.333333 260000
44 8 0 16 0.000000 1863.750000 -380.500000 1500.000000 167000
44 9 0 20 0.000000 2402.166667 -489.200000 1933.333333 215000
44 10 0 13 0.000000 1449.583333 -296.500000 1166.666667 130000
44 11 0 20 0.000000 2402.166667 -489.200000 1933.333333 215000
44 12 0 22 0.000000 2692.083333 -548.500000 2166.666667 241000
44 13 0 23 0.000000 2816.333333 -573.200000 2266.666667 252000
44 14 0 19 0.000000 2236.500000 -454.600000 1800.000000 200000
44 15 0 16 0.000000 1905.166667 -390.400000 1533.333333 171000
44 1 1 20 0.000000 1043.333333 -95.000000 666.666667 6
44 2 1 20 0.000000 1043.333333 -95.000000 666.666667 6
44 3 1 20 0.000000 1043.333333 -95.000000 666.666667 4
45 4 0 20 0.000000 2319.333333 -474.400000 1866.666667 208000
45 5 0 17 0.000000 2029.416667 -415.100000 1633.333333 182000
45 6 0 19 0.000000 2360.750000 -479.300000 1900.000000 211000
45 7 0 25 0.000000 2899.166667 -593.000000 2333.333333 260000
45 8 0 16 0.000000 1863.750000 -380.500000 1500.000000 167000
45 9 0 20 0.000000 2402.166667 -489.200000 1933.333333 215000
45 10 0 13 0.000000 1449.583333 -296.500000 1166.666667 130000
45 11 0 20 0.000000 2402.166667 -489.200000 1933.333333 215000
45 12 0 22 0.000000 2692.083333 -548.500000 2166.666667 241000
45 13 0 23 0.000000 2816.333333 -573.200000 2266.666667 252000
45 14 0 19 0.000000 2236.500000 -454.600000 1800.000000 200000
45 15 0 16 0.000000 1905.166667 -390.400000 1533.333333 171000
45 3 1 20 0.000000 1043.333333 -95.000000 666.666667 4
45 2 1 20 0.000000 1043.333333 -95.000000 666.666667 6
45 1 1 20 0.000000 1043.333333 -95.000000 666.666667 6
46 4 0 20 0.000000 2319.333333 -474.400000 1866.666667 208000
46 5 0 17 0.000000 2029.416667 -415.100000 1633.333333 182000
46 6 0 19 0.000000 2360.750000 -479.300000 1900.000000 211000
46 7 0 25 0.000000 2899.166667 -593.000000 2333.333333 260000
46 8 0 16 0.000000 1863.750000 -380.500000 1500.000000 167000
46 9 0 20 0.000000 2402.166667 -489.200000 1933.333333 215000
46 10 0 13 0.000000 1449.583333 -296.500000 1166.666667 130000
46 11 0 20 0.000000 2402.166667 -489.200000 1933.333333 215000
46 12 0 22 0.000000 2692.083333 -548.500000 2166.666667 241000
46 13 0 23 0.000000 2816.333333 -573.200000 2266.666667 252000
46 14 0 19 0.000000 2236.500000 -454.600000 1800.000000 200000
46 15 0 16 0.000000 1905.166667 -390.400000 1533.333333 171000
46 1 1 20 0.000000 1043.333333 -95.000000 666.666667 6
46 2 1 20 0.000000 1043.333333 -95.000000 666.666667 6
46 3 1 20 0.000000 1043.333333 -95.000000 666.666667 4
47 4 0 20 0.000000 2319.333333 -474.400000 1866.666667 208000
47 5 0 17 0.000000 2029.416667 -415.100000 1633.333333 182000
47 6 0 19 0.000000 2360.750000 -479.300000 1900.000000 211000
47 7 0 25 0.000000 2899.166667 -593.000000 2333.333333 260000
47 8 0 16 0.000000 1863.750000 -380.500000 1500.000000 167000
47 9 0 20 0.000000 2402.166667 -489.200000 1933.333333 215000
47 10 0 13 0.000000 1449.583333 -296.500000 1166.666667 130000
47 11 0 20 0.000000 2402.166667 -489.200000 1933.333333 215000
47 12 0 22 0.000000 2692.083333 -548.500000 2166.666667 241000
47 13 0 23 0.000000 2816.333333 -573.200000 2266.666667 252000
47 14 0 19 0.000000 2236.500000 -454.600000 1800.000000 200000
47 15 0 16 0.000000 1905.166667 -390.400000 1533.333333 171000
47 3 1 20 0.000000 1043.333333 -95.000000 666.666667 4
47 2 1 20 0.000000 1043.333333 -95.000000 666.666667 6
47 1 1 20 0.000000 1043.333333 -95.000000 666.666667 6
48 4 0 20 0.000000 2319.333333 -474.400000 1866.666667 208000
48 5 0 17 0.000000 2029.416667 -415.100000 1633.333333 182000
48 6 0 19 0.000000 2360.750000 -479.300000 1900.000000 211000
48 7 0 25 0.000000 2899.166667 -593.000000 2333.333333 260000
48 8 0 16 0.000000 1863.750000 -380.500000 1500.000000 167000
48 9 0 20 0.000000 2402.166667 -489.200000 1933.333333 215000
48 10 0 13 0.000000 1449.583333 -296.500000 1166.666667 130000
48 11 0 20 0.000000 2402.166667 -489.200000 1933.333333 215000
48 12 0 22 0.000000 2692.083333 -548.500000 2166.666667 241000
48 13 0 23 0.000000 2816.333333 -573.200000 2266.666667 252000
48 14 0 19 0.000000 2236.500000 -454.600000 1800.000000 200000
48 15 0 16 0.000000 1905.166667 -390.400000 1533.333333 171000
48 1 1 20 0.000000 1043.333333 -95.000000 666.666667 6
48 2 1 20 0.000000 1043.333333 -95.000000 666.666667 6
48 3 1 20 0.000000 1043.333333 -95.000000 666.666667 4
49 4 0 20 0.000000 2319.333333 -474.400000 1866.666667 208000
49 5 0 17 0.000000 2029.416667 -415.100000 1633.333333 182000
49 6 0 19 0.000000 2360.750000 -479.300000 1900.000000 211000
49 7 0 25 0.000000 2899.166667 -593.000000 2333.333333 260000
49 8 0 16 0.000000 1863.750000 -380.500000 1500.000000 167000
49 9 0 20 0.000000 2402.166667 -489.200000 1933.333333 215000
49 10 0 13 0.000000 1449.583333 -296.500000 1166.666667 130000
49 11 0 20 0.000000 2402.166667 -489.200000 1933.333333 215000
49 12 0 22 0.000000 2692.083333 -548.500000 2166.666667 241000
49 13 0 23 0.000000 2816.333333 -573.200000 2266.666667 252000
49 14 0 19 0.000000 2236.500000 -454.600000 1800.000000 200000
49 15 0 16 0.000000 1905.166667 -390.400000 1533.333333 171000
49 3 1 20 0.000000 1043.333333 -95.000000 666.666667 4
49 2 1 20 0.000000 1043.333333 -95.000000 666.666667 6
49 1 1 20 0.000000 1043.333333 -95.000000 666.666667 6
50 4 0 20 0.000000 2319.333333 -474.400000 1866.666667 208000
50 5 0 17 0.000000 2029.416667 -415.100000 1633.333333 182000
50 6 0 19 0.000000 2360.750000 -479.300000 1900.000000 211000
50 7 0 25 0.000000 2899.166667 -593.000000 2333.333333 260000
50 8 0 16 0.000000 1863.750000 -380.500000 1500.000000 167000
50 9 0 20 0.000000 2402.166667 -489.200000 1933.333333 215000
50 10 0 13 0.000000 1449.583333 -296.500000 1166.666667 130000
50 11 0 20 0.000000 2402.166667 -489.200000 1933.333333 215000
50 12 0 22 0.000000 2692.083333 -548.500000 2166.666667 241000
50 13 0 23 0.000000 2816.333333 -573.200000 2266.666667 252000
50 14 0 19 0.000000 2236.500000 -454.600000 1800.000000 200000
50 15 0 16 0.000000 1905.166667 -390.400000 1533.333333 171000
50 1 1 20 0.000000 1043.333333 -95.000000 666.666667 6
50 2 1 20 0.000000 1043.333333 -95.000000 666.666667 6
50 3 1 20 0.000000 1043.333333 -95.000000 666.666667 4
51 4 0 20 0.000000 2319.333333 -474.400000 1866.666667 208000
51 5 0 17 0.000000 2029.416667 -415.100000 1633.333333 182000
51 6 0 19 0.000000 2360.750000 -479.300000 1900.000000 211000
51 7 0 25 0.000000 2899.166667 -593.000000 2333.333333 260000
51 8 0 16 0.000000 1863.750000 -380.500000 1500.000000 167000
51 9 0 20 0.000000 2402.166667 -489.200000 1933.333333 215000
51 10 0 13 0.000000 1449.583333 -296.500000 1166.666667 130000
51 11 0 20 0.000000 2402.166667 -489.200000 1933.333333 215000
51 12 0 22 0.000000 2692.083333 -548.500000 2166.666667 241000
51 13 0 23 0.000000 2816.333333 -573.200000 2266.666667 252000
51 14 0 19 0.000000 2236.500000 -454.600000 1800.000000 200000
51 15 0 16 0.000000 1905.166667 -390.400000 1533.333333 171000
51 3 1 20 0.000000 1043.333333 -95.000000 666.666667 4
51 2 1 20 0.000000 1043.333333 -95.000000 666.666667 6
51 1 1 20 0.000000 1043.333333 -95.000000 666.666667 6
52 4 0 20 0.000000 2319.333333 -474.400000 1866.666667 208000
52 5 0 17 0.000000 2029.416667 -415.100000 1633.333333 182000
52 6 0 19 0.000000 2360.750000 -479.300000 1900.000000 211000
52 7 0 25 0.000000 2899.166667 -593.000000 2333.333333 260000
52 8 0 16 0.000000 1863.750000 -380.500000 1500.000000 167000
52 9 0 20 0.000000 2402.166667 -489.200000 1933.333333 215000
52 10 0 13 0.000000 1449.583333 -296.500000 1166.666667 130000
52 11 0 20 0.000000 2402.166667 -489.200000 1933.333333 215000
52 12 0 22 0.000000 2692.083333 -548.500000 2166.666667 241000
52 13 0 23 0.000000 2816.333333 -573.200000 2266.666667 252000
52 14 0 19 0.000000 2236.500000 -454.600000 1800.000000 200000
52 15 0 16 0.000000 1905.166667 -390.400000 1533.333333 171000
52 1 1 20 0.000000 1043.333333 -95.000000 666.666667 6
52 2 1 20 0.000000 1043.333333 -95.000000 666.666667 6
52 3 1 20 0.000000 1043.333333 -95.000000 666.666667 4
53 4 0 20 0.000000 2319.333333 -474.400000 1866.666667 208000
53 5 0 17 0.000000 2029.416667 -415.100000 1633.333333 182000
53 6 0 19 0.000000 2360.750000 -479.300000 1900.000000 211000
53 7 0 25 0.000000 2899.166667 -593.000000 2333.333333 260000
53 8 0 16 0.000000 1863.750000 -380.500000 1500.000000 167000
53 9 0 20 0.000000 2402.166667 -489.200000 1933.333333 215000
53 10 0 13 0.000000 1449.583333 -296.500000 1166.666667 130000
53 11 0 20 0.000000 2402.166667 -489.200000 1933.333333 215000
53 12 0 22 0.000000 2692.083333 -548.500000 2166.666667 241000
53 13 0 23 0.000000 2816.333333 -573.200000 2266.666667 252000
53 14 0 19 0.000000 2236.500000 -454.600000 1800.000000 200000
53 15 0 16 0.000000 1905.166667 -390.400000 1533.333333 171000
53 3 1 20 0.000000 1043.333333 -95.000000 666.666667 4
53 2 1 20 0.000000 1043.333333 -95.000000 666.666667 6
53 1 1 20 0.000000 1043.333333 -95.000000 666.666667 6
54 4 0 20 0.000000 2319.333333 -474.400000 1866.666667 208000
54 5 0 17 0.000000 2029.416667 -415.100000 1633.333333 182000
54 6 0 19 0.000000 2360.750000 -479.300000 1900.000000 211000
54 7 0 25 0.000000 2899.166667 -593.000000 2333.333333 260000
54 8 0 16 0.000000 1863.750000 -380.500000 1500.000000 167000
54 9 0 20 0.000000 2402.166667 -489.200000 1933.333333 215000
54 10 0 13 0.000000 1449.583333 -296.500000 1166.666667 130000
54 11 0 20 0.000000 2402.166667 -489.200000 1933.333333 215000
54 12 0 22 0.000000 2692.083333 -548.500000 2166.666667 241000
54 13 0 23 0.000000 2816.333333 -573.200000 2266.666667 252000
54 14 0 19 0.000000 2236.500000 -454.600000 1800.000000 200000
54 15 0 16 0.000000 1905.166667 -390.400000 1533.333333 171000
54 1 1 20 0.000000 1043.333333 -95.000000 666.666667 6
54 2 1 20 0.000000 1043.333333 -95.000000 666.666667 6
54 3 1 20 0.000000 1043.333333 -95.000000 666.666667 4
55 4 0 20 0.000000 2319.333333 -474.400000 1866.666667 208000
55 5 0 17 0.000000 2029.416667 -415.100000 1633.333333 182000
55 6 0 19 0.000000 2360.750000 -479.300000 1900.000000 211000
55 7 0 25 0.000000 2899.166667 -593.000000 2333.333333 260000
55 8 0 16 0.000000 1863.750000 -380.500000 1500.000000 167000
55 9 0 20 0.000000 2402.166667 -489.200000 1933.333333 215000
55 10 0 13 0.000000 1449.583333 -296.500000 1166.666667 130000
55 11 0 20 0.000000 2402.166667 -489.200000 1933.333333 215000
55 12 0 22 0.000000 2692.083333 -548.500000 2166.666667 241000
55 13 0 23 0.000000 2816.333333 -573.200000 2266.666667 252000
55 14 0 19 0.000000 2236.500000 -454.600000 1800.000000 200000
55 15 0 16 0.000000 1905.166667 -390.400000 1533.333333 171000
55 3 1 20 0.000000 1043.333333 -95.000000 666.666667 4
55 2 1 20 0.000000 1043.333333 -95.000000 666.666667 6
55 1 1 20 0.000000 1043.333333 -95.000000 666.666667 6
56 4 0 20 0.000000 2319.333333 -474.400000 1866.666667 208000
56 5 0 17 0.000000 2029.416667 -415.100000 1633.333333 182000
56 6 0 19 0.000000 2360.750000 -479.300000 1900.000000 211000
56 7 0 25 0.000000 2899.166667 -593.000000 2333.333333 260000
56 8 0 16 0.000000 1863.750000 -380.500000 1500.000000 167000
56 9 0 20 0.000000 2402.166667 -489.200000 1933.333333 215000
56 10 0 13 0.000000 1449.583333 -296.500000 1166.666667 130000
56 11 0 20 0.000000 2402.166667 -489.200000 1933.333333 215000
56 12 0 22 0.000000 2692.083333 -548.500000 2166.666667 241000
56 13 0 23 0.000000 2816.333333 -573.200000 2266.666667 252000
56 14 0 19 0.000000 2236.500000 -454.600000 1800.000000 200000
56 15 0 16 0.000000 1905.166667 -390.400000 1533.333333 171000
56 1 1 20 0.000000 1043.333333 -95.000000 666.666667 6
56 2 1 20 0.000000 1043.333333 -95.000000 666.666667 6
56 3 1 20 0.000000 1043.333333 -95.000000 666.666667 4
57 4 0 20 0.000000 2319.333333 -474.400000 1866.666667 208000
57 5 0 17 0.000000 2029.416667 -415.100000 1633.333333 182000
57 6 0 19 0.000000 2360.750000 -479.300000 1900.000000 211000
57 7 0 25 0.000000 2899.166667 -593.000000 2333.333333 260000
57 8 0 16 0.000000 1863.750000 -380.500000 1500.000000 167000
57 9 0 20 0.000000 2402.166667 -489.200000 1933.333333 215000
57 10 0 13 0.000000 1449.583333 -296.500000 1166.666667 130000
57 11 0 20 0.000000 2402.166667 -489.200000 1933.333333 215000
57 12 0 22 0.000000 2692.083333 -548.500000 2166.666667 241000
57 13 0 23 0.000000 2816.333333 -573.200000 2266.666667 252000
57 14 0 19 0.000000 2236.500000 -454.600000 1800.000000 200000
57 15 0 16 0.000000 1905.166667 -390.400000 1533.333333 171000
57 3 1 20 0.000000 1043.333333 -95.000000 666.666667 4
57 2 1 20 0.000000 1043.333333 -95.000000 666.666667 6
57 1 1 20 0.000000 1043.333333 -95.000000 666.666667 6
58 4 0 20 0.000000 2319.333333 -474.400000 1866.666667 208000
58 5 0 17 0.000000 2029.416667 -415.100000 1633.333333 182000
58 6 0 19 0.000000 2360.750000 -479.300000 1900.000000 211000
58 7 0 25 0.000000 2899.166667 -593.000000 2333.333333 260000
58 8 0 16 0.000000 1863.750000 -380.500000 1500.000000 167000
58 9 0 20 0.000000 2402.166667 -489.200000 1933.333333 215000
58 10 0 13 0.000000 1449.583333 -296.500000 1166.666667 130000
58 11 0 20 0.000000 2402.166667 -489.200000 1933.333333 215000
58 12 0 22 0.000000 2692.083333 -548.500000 2166.666667 241000
58 13 0 23 0.000000 2816.333333 -573.200000 2266.666667 252000
58 14 0 19 0.000000 2236.500000 -454.600000 1800.000000 200000
58 15 0 16 0.000000 1905.166667 -390.400000 1533.333333 171000
58 1 1 20 0.000000 1043.333333 -95.000000 666.666667 6
58 2 1 20 0.000000 1043.333333 -95.000000 666.666667 6
58 3 1 20 0.000000 1043.333333 -95.000000 666.666667 4
59 4 0 20 0.000000 2319.333333 -474.400000 1866.666667 208000
59 5 0 17 0.000000 2029.416667 -415.100000 1633.333333 182000
59 6 0 19 0.000000 2360.750000 -479.300000 1900.000000 211000
59 7 0 25 0.000000 2899.166667 -593.000000 2333.333333 260000
59 8 0 16 0.000000 1863.750000 -380.500000 1500.000000 167000
59 9 0 20 0.000000 2402.166667 -489.200000 1933.333333 215000
59 10 0 13 0.000000 1449.583333 -296.500000 1166.666667 130000
59 11 0 20 0.000000 2402.166667 -489.200000 1933.333333 215000
59 12 0 22 0.000000 2692.083333 -548.500000 2166.666667 241000
59 13 0 23 0.000000 2816.333333 -573.200000 2266.666667 252000
59 14 0 19 0.000000 2236.500000 -454.600000 1800.000000 200000
59 15 0 16 0.000000 1905.166667 -390.400000 1533.333333 171000
59 3 1 20 0.000000 1043.333333 -95.000000 666.666667 4
59 2 1 20 0.000000 1043.333333 -95.000000 666.666667 6
59 1 1 20 0.000000 1043.333333 -95.000000 666.666667 6
60 4 0 20 0.000000 2319.333333 -574.400000 1866.666667 208000
60 5 0 17 0.000000 2029.416667 -500.100000 1633.333333 182000
60 6 0 19 0.000000 2360.750000 -574.300000 1900.000000 211000
60 7 0 25 0.000000 2899.166667 -718.000000 2333.333333 260000
60 8 0 16 0.000000 1863.750000 -460.500000 1500.000000 167000
60 9 0 20 0.000000 2402.166667 -589.200000 1933.333333 215000
60 10 0 13 0.000000 1449.583333 -361.500000 1166.666667 130000
60 11 0 20 0.000000 2402.166667 -589.200000 1933.333333 215000
60 12 0 22 0.000000 2692.083333 -658.500000 2166.666667 241000
60 13 0 23 0.000000 2816.333333 -688.200000 2266.666667 252000
60 14 0 19 0.000000 2236.500000 -549.600000 1800.000000 200000
60 15 0 16 0.000000 1905.166667 -470.400000 1533.333333 171000
60 1 1 20 0.000000 1043.333333 -195.000000 666.666667 6
60 2 1 20 0.000000 1043.333333 -195.000000 666.666667 6
60 3 1 20 0.000000 1043.333333 -195.000000 666.666667 4
61 4 0 -1 0.000000 3466.133333 285.600000 1866.666667 228000
61 5 0 -1 0.000000 3032.866667 249.900000 1633.333333 199000
61 6 0 -2 0.000000 3524.100000 290.700000 1900.000000 230000
61 7 0 -2 0.000000 4332.666667 357.000000 2333.333333 285000
61 8 0 -1 0.000000 2784.500000 229.500000 1500.000000 183000
61 9 0 -2 0.000000 3587.566667 295.800000 1933.333333 235000
61 10 0 1 0.000000 2166.333333 178.500000 1166.666667 143000
61 11 0 -2 0.000000 3587.566667 295.800000 1933.333333 235000
61 12 0 -3 0.000000 4020.833333 331.500000 2166.666667 263000
61 13 0 -3 0.000000 4205.733333 346.800000 2266.666667 275000
61 14 0 -1 0.000000 3339.200000 275.400000 1800.000000 219000
61 15 0 -1 0.000000 2847.966667 234.600000 1533.333333 187000
61 3 1 20 0.000000 1443.333333 205.000000 666.666667 5
61 2 1 20 0.000000 1643.333333 205.000000 666.666667 8
61 1 1 20 0.000000 1643.333333 205.000000 666.666667 8
62 4 0 -1 0.000000 3466.133333 285.600000 1866.666667 228000
62 5 0 -1 0.000000 3032.866667 249.900000 1633.333333 199000
62 6 0 -2 0.000000 3524.100000 290.700000 1900.000000 230000
62 7 0 -2 0.000000 4332.666667 357.000000 2333.333333 285000
62 8 0 -1 0.000000 2784.500000 229.500000 1500.000000 183000
62 9 0 -2 0.000000 3587.566667 295.800000 1933.333333 235000
62 10 0 1 0.000000 2166.333333 178.500000 1166.666667 143000
62 11 0 -2 0.000000 3587.566667 295.800000 1933.333333 235000
62 12 0 -3 0.000000 4020.833333 331.500000 2166.666667 263000
62 13 0 -3 0.000000 4205.733333 346.800000 2266.666667 275000
62 14 0 -1 0.000000 3339.200000 275.400000 1800.000000 219000
62 15 0 -1 0.000000 2847.966667 234.600000 1533.333333 187000
62 1 1 20 0.000000 1643.333333 205.000000 666.666667 8
62 2 1 20 0.000000 1643.333333 205.000000 666.666667 8
62 3 1 20 0.000000 1443.333333 205.000000 666.666667 5
63 4 0 -1 0.000000 3466.133333 285.600000 1866.666667 228000
63 5 0 -1 0.000000 3032.866667 249.900000 1633.333333 199000
63 6 0 -2 0.000000 3524.100000 290.700000 1900.000000 230000
63 7 0 -2 0.000000 4332.666667 357.000000 2333.333333 285000
63 8 0 -1 0.000000 2784.500000 229.500000 1500.000000 183000
63 9 0 -2 0.000000 3587.566667 295.800000 1933.333333 235000
63 10 0 1 0.000000 2166.333333 178.500000 1166.666667 143000
63 11 0 -2 0.000000 3587.566667 295.800000 1933.333333 235000
63 12 0 -3 0.000000 4020.833333 331.500000 2166.666667 263000
63 13 0 -3 0.000000 4205.733333 346.800000 2266.666667 275000
63 14 0 -1 0.000000 3339.200000 275.400000 1800.000000 219000
63 15 0 -1 0.000000 2847.966667 234.600000 1533.333333 187000
63 3 1 20 0.000000 1443.333333 205.000000 666.666667 5
63 2 1 20 0.000000 1643.333333 205.000000 666.666667 8
63 1 1 20 0.000000 1643.333333 205.000000 666.666667 8
64 4 0 -1 0.000000 3466.133333 285.600000 1866.666667 228000
64 5 0 -1 0.000000 3032.866667 249.900000 1633.333333 199000
64 6 0 -2 0.000000 3524.100000 290.700000 1900.000000 230000
64 7 0 -2 0.000000 4332.666667 357.000000 2333.333333 285000
64 8 0 -1 0.000000 2784.500000 229.500000 1500.000000 183000
64 9 0 -2 0.000000 3587.566667 295.800000 1933.333333 235000
64 10 0 1 0.000000 2166.333333 178.500000 1166.666667 143000
64 11 0 -2 0.000000 3587.566667 295.800000 1933.333333 235000
64 12 0 -3 0.000000 4020.833333 331.500000 2166.666667 263000
64 13 0 -3 0.000000 4205.733333 346.800000 2266.666667 275000
64 14 0 -1 0.000000 3339.200000 275.400000 1800.000000 219000
64 15 0 -1 0.000000 2847.966667 234.600000 1533.333333 187000
64 1 1 20 0.000000 1643.333333 205.000000 666.666667 8
64 2 1 20 0.000000 1643.333333 205.000000 666.666667 8
64 3 1 20 0.000000 1443.333333 205.000000 666.666667 5
65 4 0 -1 45.443468 3466.133333 331.043468 1866.666667 220034
65 5 0 -1 56.846539 3032.866667 306.746539 1633.333333 189036
65 6 0 -2 37.366304 3524.100000 328.066304 1900.000000 223452
65 7 0 -2 60.629322 4332.666667 417.629322 2333.333333 274372
65 8 0 -1 42.752656 2784.500000 272.252656 1500.000000 175506
65 9 0 -2 51.710521 3587.566667 347.510521 1933.333333 225937
65 10 0 1 112.419401 2166.333333 290.919401 1166.666667 123291
65 11 0 -2 43.602759 3587.566667 339.402759 1933.333333 227358
65 12 0 -3 59.581602 4020.833333 391.081602 2166.666667 252558
65 13 0 -3 50.013621 4205.733333 396.813621 2266.666667 266235
65 14 0 -1 46.008986 3339.200000 321.408986 1800.000000 210936
65 15 0 -1 42.410904 2847.966667 277.010904 1533.333333 179566
65 3 1 20 0.000000 1443.333333 205.000000 666.666667 5
65 2 1 20 0.000000 1643.333333 205.000000 666.666667 8
65 1 1 20 0.000000 1643.333333 205.000000 666.666667 8
66 4 0 -1 45.443468 3466.133333 331.043468 1866.666667 220034
66 5 0 -1 56.846539 3032.866667 306.746539 1633.333333 189036
66 6 0 -2 37.366304 3524.100000 328.066304 1900.000000 223452
66 7 0 -2 60.629322 4332.666667 417.629322 2333.333333 274372
66 8 0 -1 42.752656 2784.500000 272.252656 1500.000000 175506
66 9 0 -2 51.710521 3587.566667 347.510521 1933.333333 225937
66 10 0 1 112.419401 2166.333333 290.919401 1166.666667 123291
66 11 0 -2 43.602759 3587.566667 339.402759 1933.333333 227358
66 12 0 -3 59.581602 4020.833333 391.081602 2166.666667 252558
66 13 0 -3 50.013621 4205.733333 396.813621 2266.666667 266235
66 14 0 -1 46.008986 3339.200000 321.408986 1800.000000 210936
66 15 0 -1 42.410904 2847.966667 277.010904 1533.333333 179566
66 1 1 20 0.000000 1643.333333 205.000000 666.666667 8
66 2 1 20 0.000000 1643.333333 205.000000 666.666667 8
66 3 1 20 0.000000 1443.333333 205.000000 666.666667 5
67 4 0 -1 45.443468 3466.133333 331.043468 1866.666667 220034
67 5 0 -1 56.846539 3032.866667 306.746539 1633.333333 189036
67 6 0 -2 37.366304 3524.100000 328.066304 1900.000000 223452
67 7 0 -2 60.629322 4332.666667 417.629322 2333.333333 274372
67 8 0 -1 42.752656 2784.500000 272.252656 1500.000000 175506
67 9 0 -2 51.710521 3587.566667 347.510521 1933.333333 225937
67 10 0 1 112.419401 2166.333333 290.919401 1166.666667 123291
67 11 0 -2 43.602759 3587.566667 339.402759 1933.333333 227358
67 12 0 -3 59.581602 4020.833333 391.081602 2166.666667 252558
67 13 0 -3 50.013621 4205.733333 396.813621 2266.666667 266235
67 14 0 -1 46.008986 3339.200000 321.408986 1800.000000 210936
67 15 0 -1 42.410904 2847.966667 277.010904 1533.333333 179566
67 3 1 20 0.000000 1443.333333 205.000000 666.666667 5
67 2 1 20 0.000000 1643.333333 205.000000 666.666667 8
67 1 1 20 0.000000 1643.333333 205.000000 666.666667 8
68 4 0 -1 45.443468 3466.133333 331.043468 1866.666667 220034
68 5 0 -1 56.846539 3032.866667 306.746539 1633.333333 189036
68 6 0 -2 37.366304 3524.100000 328.066304 1900.000000 223452
68 7 0 -2 60.629322 4332.666667 417.629322 2333.333333 274372
68 8 0 -1 42.752656 2784.500000 272.252656 1500.000000 175506
68 9 0 -2 51.710521 3587.566667 347.510521 1933.333333 225937
68 10 0 1 112.419401 2166.333333 290.919401 1166.666667 123291
68 11 0 -2 43.602759 3587.566667 339.402759 1933.333333 227358
68 12 0 -3 59.581602 4020.833333 391.081602 2166.666667 252558
68 13 0 -3 50.013621 4205.733333 396.813621 2266.666667 266235
68 14 0 -1 46.008986 3339.200000 321.408986 1800.000000 210936
68 15 0 -1 42.410904 2847.966667 277.010904 1533.333333 179566
68 1 1 20 0.000000 1643.333333 205.000000 666.666667 8
68 2 1 20 0.000000 1643.333333 205.000000 666.666667 8
68 3 1 20 0.000000 1443.333333 205.000000 666.666667 5
69 4 0 -1 45.443468 3466.133333 331.043468 1866.666667 220034
69 5 0 -1 56.846539 3032.866667 306.746539 1633.333333 189036
69 6 0 -2 37.366304 3524.100000 328.066304 1900.000000 223452
69 7 0 -2 60.629322 4332.666667 417.629322 2333.333333 274372
69 8 0 -1 42.752656 2784.500000 272.252656 1500.000000 175506
69 9 0 -2 51.710521 3587.566667 347.510521 1933.333333 225937
69 10 0 1 112.419401 2166.333333 290.919401 1166.666667 123291
69 11 0 -2 43.602759 3587.566667 339.402759 1933.333333 227358
69 12 0 -3 59.581602 4020.833333 391.081602 2166.666667 252558
69 13 0 -3 50.013621 4205.733333 396.813621 2266.666667 266235
69 14 0 -1 46.008986 3339.200000 321.408986 1800.000000 210936
69 15 0 -1 42.410904 2847.966667 277.010904 1533.333333 179566
69 3 1 20 0.000000 1443.333333 205.000000 666.666667 5
69 2 1 20 0.000000 1643.333333 205.000000 666.666667 8
69 1 1 20 0.000000 1643.333333 205.000000 666.666667 8
