IT_NO ID ISLIQUIDSHORT HASLOAN HASINVESTMENT LIQUIDITY_NEED ISINSOLVENT ISILLIQUID TOTAL_ASSETS LIQUIDITY INVENTORY UNIT_GOODS_PRICE CAPITAL_GOODS_PRICE CAPITAL_GOODS PHYSICAL_CAPITAL DEBT EQUITY
1 15 1 1 0 0.000000 0 0 1900.640000 0.000000 0 0.005600 0.560000 3394 3394 1544.833333 355.806667
1 14 1 1 0 0.000000 0 0 2231.600000 0.000000 0 0.005600 0.560000 3985 3985 1813.500000 418.100000
1 13 1 1 0 0.000000 0 0 2810.080000 0.000000 0 0.005600 0.560000 5018 5018 2283.666667 526.413333
1 12 1 1 0 0.000000 0 0 2685.760000 0.000000 0 0.005600 0.560000 4796 4796 2182.916667 502.843333
1 11 1 1 0 0.000000 0 0 2396.800000 0.000000 0 0.005600 0.560000 4280 4280 1947.833333 448.966667
1 10 1 1 0 0.000000 0 0 1446.480000 0.000000 0 0.005600 0.560000 2583 2583 1175.416667 271.063333
1 9 1 1 0 0.000000 0 0 2396.800000 0.000000 0 0.005600 0.560000 4280 4280 1947.833333 448.966667
1 8 1 1 0 0.000000 0 0 1859.760000 0.000000 0 0.005600 0.560000 3321 3321 1511.250000 348.510000
1 7 1 1 0 0.000000 0 0 2892.400000 0.000000 0 0.005600 0.560000 5165 5165 2350.833333 541.566667
1 6 1 1 0 0.000000 0 0 2355.360000 0.000000 0 0.005600 0.560000 4206 4206 1914.250000 441.110000
1 5 1 1 0 0.000000 0 0 2024.960000 0.000000 0 0.005600 0.560000 3616 3616 1645.583333 379.376667
1 4 1 1 0 0.000000 0 0 2313.920000 0.000000 0 0.005600 0.560000 4132 4132 1880.666667 433.253333
61 8 1 1 0 0.000000 0 0 1859.760000 0.000000 0 0.005604 0.560000 3321 3321 1511.250000 348.510000
61 10 1 1 0 0.000000 0 0 1446.480000 0.000000 0 0.005604 0.560000 2583 2583 1175.416667 271.063333
61 7 0 0 0 0.000000 0 0 2892.400000 0.000000 0 0.005600 0.560000 5165 5165 2350.833333 541.566667
61 12 0 0 0 0.000000 0 0 2685.760000 0.000000 0 0.005602 0.560000 4796 4796 2182.916667 502.843333
61 13 0 0 0 0.000000 0 0 2810.080000 0.000000 0 0.005602 0.560000 5018 5018 2283.666667 526.413333
61 15 0 0 0 0.000000 0 0 1900.640000 0.000000 0 0.005604 0.560000 3394 3394 1544.833333 355.806667
61 6 0 0 0 0.000000 0 0 2355.360000 0.000000 0 0.005603 0.560000 4206 4206 1914.250000 441.110000
61 4 0 0 0 0.000000 0 0 2313.920000 0.000000 0 0.005604 0.560000 4132 4132 1880.666667 433.253333
61 9 0 0 0 0.000000 0 0 2396.800000 0.000000 0 0.005605 0.560000 4280 4280 1947.833333 448.966667
61 14 0 0 0 0.000000 0 0 2231.600000 0.000000 0 0.005604 0.560000 3985 3985 1813.500000 418.100000
61 5 0 0 0 0.000000 0 0 2024.960000 0.000000 0 0.005605 0.560000 3616 3616 1645.583333 379.376667
61 11 0 0 0 0.000000 0 0 2396.800000 0.000000 0 0.005603 0.560000 4280 4280 1947.833333 448.966667
121 11 1 1 0 0.000000 0 0 2396.800000 0.000000 0 0.005615 0.560000 4280 4280 1947.833333 448.966667
121 9 1 1 0 0.000000 0 0 2396.800000 0.000000 0 0.005611 0.560000 4280 4280 1947.833333 448.966667
121 4 1 1 0 0.000000 0 0 2313.920000 0.000000 0 0.005610 0.560000 4132 4132 1880.666667 433.253333
121 8 1 1 0 0.000000 0 0 1859.760000 0.000000 0 0.005608 0.560000 3321 3321 1511.250000 348.510000
121 12 1 1 0 0.000000 0 0 2685.760000 0.000000 0 0.005615 0.560000 4796 4796 2182.916667 502.843333
121 10 0 0 0 0.000000 0 0 1446.480000 0.000000 0 0.005607 0.560000 2583 2583 1175.416667 271.063333
121 14 0 0 0 0.000000 0 0 2231.600000 0.000000 0 0.005611 0.560000 3985 3985 1813.500000 418.100000
121 5 0 0 0 0.000000 0 0 2024.960000 0.000000 0 0.005608 0.560000 3616 3616 1645.583333 379.376667
121 6 0 0 0 0.000000 0 0 2355.360000 0.000000 0 0.005611 0.560000 4206 4206 1914.250000 441.110000
121 15 0 0 0 0.000000 0 0 1900.640000 0.000000 0 0.005608 0.560000 3394 3394 1544.833333 355.806667
121 7 0 0 0 0.000000 0 0 2892.400000 0.000000 0 0.005613 0.560000 5165 5165 2350.833333 541.566667
121 13 0 0 0 0.000000 0 0 2810.080000 0.000000 0 0.005615 0.560000 5018 5018 2283.666667 526.413333
181 4 1 1 0 0.000000 0 0 2313.920000 0.000000 0 0.005612 0.560000 4132 4132 1880.666667 433.253333
181 5 1 1 0 0.000000 0 0 2024.960000 0.000000 0 0.005612 0.560000 3616 3616 1645.583333 379.376667
181 15 1 1 0 0.000000 0 0 1900.640000 0.000000 0 0.005611 0.560000 3394 3394 1544.833333 355.806667
181 11 1 1 0 0.000000 0 0 2396.800000 0.000000 0 0.005622 0.560000 4280 4280 1947.833333 448.966667
181 12 1 1 0 0.000000 0 0 2685.760000 0.000000 0 0.005622 0.560000 4796 4796 2182.916667 502.843333
181 9 0 0 0 0.000000 0 0 2396.800000 0.000000 0 0.005614 0.560000 4280 4280 1947.833333 448.966667
181 14 0 0 0 0.000000 0 0 2231.600000 0.000000 0 0.005614 0.560000 3985 3985 1813.500000 418.100000
181 13 0 0 0 0.000000 0 0 2810.080000 0.000000 0 0.005623 0.560000 5018 5018 2283.666667 526.413333
181 7 0 0 0 0.000000 0 0 2892.400000 0.000000 0 0.005620 0.560000 5165 5165 2350.833333 541.566667
181 6 0 0 0 0.000000 0 0 2355.360000 0.000000 0 0.005614 0.560000 4206 4206 1914.250000 441.110000
181 10 0 0 0 0.000000 0 0 1446.480000 0.000000 0 0.005610 0.560000 2583 2583 1175.416667 271.063333
181 8 0 0 0 0.000000 0 0 1859.760000 0.000000 0 0.005611 0.560000 3321 3321 1511.250000 348.510000
241 13 1 1 0 0.000000 0 0 2810.080000 0.000000 0 0.005631 0.560000 5018 5018 2283.666667 526.413333
241 7 1 1 0 0.000000 0 0 2892.400000 0.000000 0 0.005629 0.560000 5165 5165 2350.833333 541.566667
241 12 1 1 0 0.000000 0 0 2685.760000 0.000000 0 0.005631 0.560000 4796 4796 2182.916667 502.843333
241 11 1 1 0 0.000000 0 0 2396.800000 0.000000 0 0.005631 0.560000 4280 4280 1947.833333 448.966667
241 15 1 1 0 0.000000 0 0 1900.640000 0.000000 0 0.005622 0.560000 3394 3394 1544.833333 355.806667
241 5 0 0 0 0.000000 0 0 2024.960000 0.000000 0 0.005622 0.560000 3616 3616 1645.583333 379.376667
241 9 0 0 0 0.000000 0 0 2396.800000 0.000000 0 0.005623 0.560000 4280 4280 1947.833333 448.966667
241 14 0 0 0 0.000000 0 0 2231.600000 0.000000 0 0.005624 0.560000 3985 3985 1813.500000 418.100000
241 6 0 0 0 0.000000 0 0 2355.360000 0.000000 0 0.005623 0.560000 4206 4206 1914.250000 441.110000
241 8 0 0 0 0.000000 0 0 1859.760000 0.000000 0 0.005621 0.560000 3321 3321 1511.250000 348.510000
241 10 0 0 0 0.000000 0 0 1446.480000 0.000000 0 0.005619 0.560000 2583 2583 1175.416667 271.063333
241 4 0 0 0 0.000000 0 0 2313.920000 0.000000 0 0.005622 0.560000 4132 4132 1880.666667 433.253333
301 13 0 0 0 0.000000 0 0 2810.080000 0.000000 0 0.005660 0.560000 5018 5018 2283.666667 526.413333
301 7 0 0 0 0.000000 0 0 2892.400000 0.000000 0 0.005653 0.560000 5165 5165 2350.833333 541.566667
301 11 0 0 0 0.000000 0 0 2396.800000 0.000000 0 0.005656 0.560000 4280 4280 1947.833333 448.966667
301 15 0 0 0 0.000000 0 0 1900.640000 0.000000 0 0.005639 0.560000 3394 3394 1544.833333 355.806667
301 5 0 0 0 0.000000 0 0 2024.960000 0.000000 0 0.005641 0.560000 3616 3616 1645.583333 379.376667
301 14 0 0 0 0.000000 0 0 2231.600000 0.000000 0 0.005646 0.560000 3985 3985 1813.500000 418.100000
301 6 0 0 0 0.000000 0 0 2355.360000 0.000000 0 0.005645 0.560000 4206 4206 1914.250000 441.110000
301 10 0 0 0 0.000000 0 0 1446.480000 0.000000 0 0.005638 0.560000 2583 2583 1175.416667 271.063333
301 4 0 0 0 0.000000 0 0 2313.920000 0.000000 0 0.005641 0.560000 4132 4132 1880.666667 433.253333
301 9 0 0 0 0.000000 0 0 2396.800000 0.000000 0 0.005643 0.560000 4280 4280 1947.833333 448.966667
301 12 0 0 0 0.000000 0 0 2685.760000 0.000000 0 0.005654 0.560000 4796 4796 2182.916667 502.843333
301 8 0 0 0 0.000000 0 0 1859.760000 0.000000 0 0.005640 0.560000 3321 3321 1511.250000 348.510000
361 11 1 1 0 0.000000 0 0 2396.800000 0.000000 0 0.005639 0.560000 4280 4280 1947.833333 448.966667
361 15 1 1 0 0.000000 0 0 1900.640000 0.000000 0 0.005627 0.560000 3394 3394 1544.833333 355.806667
361 12 1 1 0 0.000000 0 0 2685.760000 0.000000 0 0.005640 0.560000 4796 4796 2182.916667 502.843333
361 5 1 1 0 0.000000 0 0 2024.960000 0.000000 0 0.005629 0.560000 3616 3616 1645.583333 379.376667
361 13 0 0 0 0.000000 0 0 2810.080000 0.000000 0 0.005643 0.560000 5018 5018 2283.666667 526.413333
361 14 0 0 0 0.000000 0 0 2231.600000 0.000000 0 0.005634 0.560000 3985 3985 1813.500000 418.100000
361 6 0 0 0 0.000000 0 0 2355.360000 0.000000 0 0.005633 0.560000 4206 4206 1914.250000 441.110000
361 10 0 0 0 0.000000 0 0 1446.480000 0.000000 0 0.005629 0.560000 2583 2583 1175.416667 271.063333
361 4 0 0 0 0.000000 0 0 2313.920000 0.000000 0 0.005631 0.560000 4132 4132 1880.666667 433.253333
361 9 0 0 0 0.000000 0 0 2396.800000 0.000000 0 0.005632 0.560000 4280 4280 1947.833333 448.966667
361 8 0 0 0 0.000000 0 0 1859.760000 0.000000 0 0.005629 0.560000 3321 3321 1511.250000 348.510000
361 7 0 0 0 0.000000 0 0 2892.400000 0.000000 0 0.005636 0.560000 5165 5165 2350.833333 541.566667
421 11 1 1 0 0.000000 0 0 2396.800000 0.000000 0 0.005646 0.560000 4280 4280 1947.833333 448.966667
421 5 1 1 0 0.000000 0 0 2024.960000 0.000000 0 0.005634 0.560000 3616 3616 1645.583333 379.376667
421 10 1 1 0 0.000000 0 0 1446.480000 0.000000 0 0.005633 0.560000 2583 2583 1175.416667 271.063333
421 15 1 1 0 0.000000 0 0 1900.640000 0.000000 0 0.005631 0.560000 3394 3394 1544.833333 355.806667
421 12 0 0 0 0.000000 0 0 2685.760000 0.000000 0 0.005645 0.560000 4796 4796 2182.916667 502.843333
421 13 0 0 0 0.000000 0 0 2810.080000 0.000000 0 0.005648 0.560000 5018 5018 2283.666667 526.413333
421 14 0 0 0 0.000000 0 0 2231.600000 0.000000 0 0.005641 0.560000 3985 3985 1813.500000 418.100000
421 6 0 0 0 0.000000 0 0 2355.360000 0.000000 0 0.005638 0.560000 4206 4206 1914.250000 441.110000
421 4 0 0 0 0.000000 0 0 2313.920000 0.000000 0 0.005638 0.560000 4132 4132 1880.666667 433.253333
421 9 0 0 0 0.000000 0 0 2396.800000 0.000000 0 0.005636 0.560000 4280 4280 1947.833333 448.966667
421 8 0 0 0 0.000000 0 0 1859.760000 0.000000 0 0.005632 0.560000 3321 3321 1511.250000 348.510000
421 7 0 0 0 0.000000 0 0 2892.400000 0.000000 0 0.005640 0.560000 5165 5165 2350.833333 541.566667
481 11 0 0 0 0.000000 0 0 2396.800000 0.000000 0 0.005649 0.560000 4280 4280 1947.833333 448.966667
481 5 0 0 0 0.000000 0 0 2024.960000 0.000000 0 0.005636 0.560000 3616 3616 1645.583333 379.376667
481 10 0 0 0 0.000000 0 0 1446.480000 0.000000 0 0.005634 0.560000 2583 2583 1175.416667 271.063333
481 15 0 0 0 0.000000 0 0 1900.640000 0.000000 0 0.005633 0.560000 3394 3394 1544.833333 355.806667
481 12 0 0 0 0.000000 0 0 2685.760000 0.000000 0 0.005647 0.560000 4796 4796 2182.916667 502.843333
481 13 0 0 0 0.000000 0 0 2810.080000 0.000000 0 0.005654 0.560000 5018 5018 2283.666667 526.413333
481 14 0 0 0 0.000000 0 0 2231.600000 0.000000 0 0.005645 0.560000 3985 3985 1813.500000 418.100000
481 6 0 0 0 0.000000 0 0 2355.360000 0.000000 0 0.005647 0.560000 4206 4206 1914.250000 441.110000
481 4 0 0 0 0.000000 0 0 2313.920000 0.000000 0 0.005643 0.560000 4132 4132 1880.666667 433.253333
481 9 0 0 0 0.000000 0 0 2396.800000 0.000000 0 0.005641 0.560000 4280 4280 1947.833333 448.966667
481 8 0 0 0 0.000000 0 0 1859.760000 0.000000 0 0.005635 0.560000 3321 3321 1511.250000 348.510000
481 7 0 0 0 0.000000 0 0 2892.400000 0.000000 0 0.005642 0.560000 5165 5165 2350.833333 541.566667
541 10 1 1 0 0.000000 0 0 1446.480000 0.000000 0 0.005639 0.560000 2583 2583 1175.416667 271.063333
541 12 1 1 0 0.000000 0 0 2685.760000 0.000000 0 0.005656 0.560000 4796 4796 2182.916667 502.843333
541 11 0 0 0 0.000000 0 0 2396.800000 0.000000 0 0.005651 0.560000 4280 4280 1947.833333 448.966667
541 5 0 0 0 0.000000 0 0 2024.960000 0.000000 0 0.005638 0.560000 3616 3616 1645.583333 379.376667
541 15 0 0 0 0.000000 0 0 1900.640000 0.000000 0 0.005638 0.560000 3394 3394 1544.833333 355.806667
541 13 0 0 0 0.000000 0 0 2810.080000 0.000000 0 0.005663 0.560000 5018 5018 2283.666667 526.413333
541 6 0 0 0 0.000000 0 0 2355.360000 0.000000 0 0.005651 0.560000 4206 4206 1914.250000 441.110000
541 4 0 0 0 0.000000 0 0 2313.920000 0.000000 0 0.005648 0.560000 4132 4132 1880.666667 433.253333
541 8 0 0 0 0.000000 0 0 1859.760000 0.000000 0 0.005637 0.560000 3321 3321 1511.250000 348.510000
541 7 0 0 0 0.000000 0 0 2892.400000 0.000000 0 0.005646 0.560000 5165 5165 2350.833333 541.566667
541 14 0 0 0 0.000000 0 0 2231.600000 0.000000 0 0.005648 0.560000 3985 3985 1813.500000 418.100000
541 9 0 0 0 0.000000 0 0 2396.800000 0.000000 0 0.005642 0.560000 4280 4280 1947.833333 448.966667
601 6 1 1 0 0.000000 0 0 2355.360000 0.000000 0 0.005661 0.560000 4206 4206 1914.250000 441.110000
601 12 1 1 0 0.000000 0 0 2685.760000 0.000000 0 0.005668 0.560000 4796 4796 2182.916667 502.843333
601 5 1 1 0 0.000000 0 0 2024.960000 0.000000 0 0.005645 0.560000 3616 3616 1645.583333 379.376667
601 10 0 0 0 0.000000 0 0 1446.480000 0.000000 0 0.005647 0.560000 2583 2583 1175.416667 271.063333
601 11 0 0 0 0.000000 0 0 2396.800000 0.000000 0 0.005660 0.560000 4280 4280 1947.833333 448.966667
601 15 0 0 0 0.000000 0 0 1900.640000 0.000000 0 0.005648 0.560000 3394 3394 1544.833333 355.806667
601 13 0 0 0 0.000000 0 0 2810.080000 0.000000 0 0.005669 0.560000 5018 5018 2283.666667 526.413333
601 4 0 0 0 0.000000 0 0 2313.920000 0.000000 0 0.005653 0.560000 4132 4132 1880.666667 433.253333
601 8 0 0 0 0.000000 0 0 1859.760000 0.000000 0 0.005644 0.560000 3321 3321 1511.250000 348.510000
601 7 0 0 0 0.000000 0 0 2892.400000 0.000000 0 0.005659 0.560000 5165 5165 2350.833333 541.566667
601 14 0 0 0 0.000000 0 0 2231.600000 0.000000 0 0.005656 0.560000 3985 3985 1813.500000 418.100000
601 9 0 0 0 0.000000 0 0 2396.800000 0.000000 0 0.005649 0.560000 4280 4280 1947.833333 448.966667
661 5 1 1 0 0.000000 0 0 2024.960000 0.000000 0 0.005650 0.560000 3616 3616 1645.583333 379.376667
661 11 1 1 0 0.000000 0 0 2396.800000 0.000000 0 0.005664 0.560000 4280 4280 1947.833333 448.966667
661 7 0 0 0 0.000000 0 0 2892.400000 0.000000 0 0.005666 0.560000 5165 5165 2350.833333 541.566667
661 14 0 0 0 0.000000 0 0 2231.600000 0.000000 0 0.005661 0.560000 3985 3985 1813.500000 418.100000
661 9 0 0 0 0.000000 0 0 2396.800000 0.000000 0 0.005654 0.560000 4280 4280 1947.833333 448.966667
661 8 0 0 0 0.000000 0 0 1859.760000 0.000000 0 0.005647 0.560000 3321 3321 1511.250000 348.510000
661 6 0 0 0 0.000000 0 0 2355.360000 0.000000 0 0.005663 0.560000 4206 4206 1914.250000 441.110000
661 4 0 0 0 0.000000 0 0 2313.920000 0.000000 0 0.005657 0.560000 4132 4132 1880.666667 433.253333
661 13 0 0 0 0.000000 0 0 2810.080000 0.000000 0 0.005671 0.560000 5018 5018 2283.666667 526.413333
661 15 0 0 0 0.000000 0 0 1900.640000 0.000000 0 0.005651 0.560000 3394 3394 1544.833333 355.806667
661 12 0 0 0 0.000000 0 0 2685.760000 0.000000 0 0.005674 0.560000 4796 4796 2182.916667 502.843333
661 10 0 0 0 0.000000 0 0 1446.480000 0.000000 0 0.005651 0.560000 2583 2583 1175.416667 271.063333
721 11 1 1 0 0.000000 0 0 2396.800000 0.000000 0 0.005664 0.560000 4280 4280 1947.833333 448.966667
721 15 1 1 0 0.000000 0 0 1900.640000 0.000000 0 0.005655 0.560000 3394 3394 1544.833333 355.806667
721 5 0 0 0 0.000000 0 0 2024.960000 0.000000 0 0.005651 0.560000 3616 3616 1645.583333 379.376667
721 14 0 0 0 0.000000 0 0 2231.600000 0.000000 0 0.005666 0.560000 3985 3985 1813.500000 418.100000
721 9 0 0 0 0.000000 0 0 2396.800000 0.000000 0 0.005657 0.560000 4280 4280 1947.833333 448.966667
721 6 0 0 0 0.000000 0 0 2355.360000 0.000000 0 0.005666 0.560000 4206 4206 1914.250000 441.110000
721 4 0 0 0 0.000000 0 0 2313.920000 0.000000 0 0.005659 0.560000 4132 4132 1880.666667 433.253333
721 13 0 0 0 0.000000 0 0 2810.080000 0.000000 0 0.005681 0.560000 5018 5018 2283.666667 526.413333
721 10 0 0 0 0.000000 0 0 1446.480000 0.000000 0 0.005654 0.560000 2583 2583 1175.416667 271.063333
721 12 0 0 0 0.000000 0 0 2685.760000 0.000000 0 0.005678 0.560000 4796 4796 2182.916667 502.843333
721 8 0 0 0 0.000000 0 0 1859.760000 0.000000 0 0.005651 0.560000 3321 3321 1511.250000 348.510000
721 7 0 0 0 0.000000 0 0 2892.400000 0.000000 0 0.005670 0.560000 5165 5165 2350.833333 541.566667
781 15 1 1 0 0.000000 0 0 1900.640000 0.000000 0 0.005657 0.560000 3394 3394 1544.833333 355.806667
781 11 0 0 0 0.000000 0 0 2396.800000 0.000000 0 0.005667 0.560000 4280 4280 1947.833333 448.966667
781 5 0 0 0 0.000000 0 0 2024.960000 0.000000 0 0.005654 0.560000 3616 3616 1645.583333 379.376667
781 14 0 0 0 0.000000 0 0 2231.600000 0.000000 0 0.005669 0.560000 3985 3985 1813.500000 418.100000
781 9 0 0 0 0.000000 0 0 2396.800000 0.000000 0 0.005660 0.560000 4280 4280 1947.833333 448.966667
781 4 0 0 0 0.000000 0 0 2313.920000 0.000000 0 0.005661 0.560000 4132 4132 1880.666667 433.253333
781 13 0 0 0 0.000000 0 0 2810.080000 0.000000 0 0.005681 0.560000 5018 5018 2283.666667 526.413333
781 10 0 0 0 0.000000 0 0 1446.480000 0.000000 0 0.005657 0.560000 2583 2583 1175.416667 271.063333
781 12 0 0 0 0.000000 0 0 2685.760000 0.000000 0 0.005678 0.560000 4796 4796 2182.916667 502.843333
781 8 0 0 0 0.000000 0 0 1859.760000 0.000000 0 0.005653 0.560000 3321 3321 1511.250000 348.510000
781 7 0 0 0 0.000000 0 0 2892.400000 0.000000 0 0.005672 0.560000 5165 5165 2350.833333 541.566667
781 6 0 0 0 0.000000 0 0 2355.360000 0.000000 0 0.005668 0.560000 4206 4206 1914.250000 441.110000
841 15 1 1 0 0.000000 0 0 1900.640000 0.000000 0 0.005661 0.560000 3394 3394 1544.833333 355.806667
841 5 1 1 0 0.000000 0 0 2024.960000 0.000000 0 0.005658 0.560000 3616 3616 1645.583333 379.376667
841 8 1 1 0 0.000000 0 0 1859.760000 0.000000 0 0.005659 0.560000 3321 3321 1511.250000 348.510000
841 6 1 1 0 0.000000 0 0 2355.360000 0.000000 0 0.005672 0.560000 4206 4206 1914.250000 441.110000
841 11 0 0 0 0.000000 0 0 2396.800000 0.000000 0 0.005673 0.560000 4280 4280 1947.833333 448.966667
841 14 0 0 0 0.000000 0 0 2231.600000 0.000000 0 0.005675 0.560000 3985 3985 1813.500000 418.100000
841 9 0 0 0 0.000000 0 0 2396.800000 0.000000 0 0.005666 0.560000 4280 4280 1947.833333 448.966667
841 4 0 0 0 0.000000 0 0 2313.920000 0.000000 0 0.005668 0.560000 4132 4132 1880.666667 433.253333
841 13 0 0 0 0.000000 0 0 2810.080000 0.000000 0 0.005687 0.560000 5018 5018 2283.666667 526.413333
841 7 0 0 0 0.000000 0 0 2892.400000 0.000000 0 0.005676 0.560000 5165 5165 2350.833333 541.566667
841 10 0 0 0 0.000000 0 0 1446.480000 0.000000 0 0.005662 0.560000 2583 2583 1175.416667 271.063333
841 12 0 0 0 0.000000 0 0 2685.760000 0.000000 0 0.005685 0.560000 4796 4796 2182.916667 502.843333
901 8 1 1 0 0.000000 0 0 1859.760000 0.000000 0 0.005661 0.560000 3321 3321 1511.250000 348.510000
901 6 1 1 0 0.000000 0 0 2355.360000 0.000000 0 0.005676 0.560000 4206 4206 1914.250000 441.110000
901 11 1 1 0 0.000000 0 0 2396.800000 0.000000 0 0.005674 0.560000 4280 4280 1947.833333 448.966667
901 4 1 1 0 0.000000 0 0 2313.920000 0.000000 0 0.005670 0.560000 4132 4132 1880.666667 433.253333
901 5 0 0 0 0.000000 0 0 2024.960000 0.000000 0 0.005661 0.560000 3616 3616 1645.583333 379.376667
901 9 0 0 0 0.000000 0 0 2396.800000 0.000000 0 0.005666 0.560000 4280 4280 1947.833333 448.966667
901 10 0 0 0 0.000000 0 0 1446.480000 0.000000 0 0.005665 0.560000 2583 2583 1175.416667 271.063333
901 12 0 0 0 0.000000 0 0 2685.760000 0.000000 0 0.005687 0.560000 4796 4796 2182.916667 502.843333
901 14 0 0 0 0.000000 0 0 2231.600000 0.000000 0 0.005676 0.560000 3985 3985 1813.500000 418.100000
901 15 0 0 0 0.000000 0 0 1900.640000 0.000000 0 0.005664 0.560000 3394 3394 1544.833333 355.806667
901 7 0 0 0 0.000000 0 0 2892.400000 0.000000 0 0.005684 0.560000 5165 5165 2350.833333 541.566667
901 13 0 0 0 0.000000 0 0 2810.080000 0.000000 0 0.005689 0.560000 5018 5018 2283.666667 526.413333
961 8 1 1 0 0.000000 0 0 1859.760000 0.000000 0 0.005662 0.560000 3321 3321 1511.250000 348.510000
961 11 1 1 0 0.000000 0 0 2396.800000 0.000000 0 0.005676 0.560000 4280 4280 1947.833333 448.966667
961 15 1 1 0 0.000000 0 0 1900.640000 0.000000 0 0.005664 0.560000 3394 3394 1544.833333 355.806667
961 7 1 1 0 0.000000 0 0 2892.400000 0.000000 0 0.005683 0.560000 5165 5165 2350.833333 541.566667
961 4 1 1 0 0.000000 0 0 2313.920000 0.000000 0 0.005671 0.560000 4132 4132 1880.666667 433.253333
961 6 0 0 0 0.000000 0 0 2355.360000 0.000000 0 0.005677 0.560000 4206 4206 1914.250000 441.110000
961 5 0 0 0 0.000000 0 0 2024.960000 0.000000 0 0.005661 0.560000 3616 3616 1645.583333 379.376667
961 9 0 0 0 0.000000 0 0 2396.800000 0.000000 0 0.005668 0.560000 4280 4280 1947.833333 448.966667
961 10 0 0 0 0.000000 0 0 1446.480000 0.000000 0 0.005668 0.560000 2583 2583 1175.416667 271.063333
961 13 0 0 0 0.000000 0 0 2810.080000 0.000000 0 0.005687 0.560000 5018 5018 2283.666667 526.413333
961 14 0 0 0 0.000000 0 0 2231.600000 0.000000 0 0.005675 0.560000 3985 3985 1813.500000 418.100000
961 12 0 0 0 0.000000 0 0 2685.760000 0.000000 0 0.005691 0.560000 4796 4796 2182.916667 502.843333
1021 6 1 1 0 0.000000 0 0 2355.360000 0.000000 0 0.005678 0.560000 4206 4206 1914.250000 441.110000
1021 8 0 0 0 0.000000 0 0 1859.760000 0.000000 0 0.005665 0.560000 3321 3321 1511.250000 348.510000
1021 11 0 0 0 0.000000 0 0 2396.800000 0.000000 0 0.005679 0.560000 4280 4280 1947.833333 448.966667
1021 7 0 0 0 0.000000 0 0 2892.400000 0.000000 0 0.005685 0.560000 5165 5165 2350.833333 541.566667
1021 5 0 0 0 0.000000 0 0 2024.960000 0.000000 0 0.005664 0.560000 3616 3616 1645.583333 379.376667
1021 9 0 0 0 0.000000 0 0 2396.800000 0.000000 0 0.005674 0.560000 4280 4280 1947.833333 448.966667
1021 10 0 0 0 0.000000 0 0 1446.480000 0.000000 0 0.005670 0.560000 2583 2583 1175.416667 271.063333
1021 13 0 0 0 0.000000 0 0 2810.080000 0.000000 0 0.005687 0.560000 5018 5018 2283.666667 526.413333
1021 14 0 0 0 0.000000 0 0 2231.600000 0.000000 0 0.005677 0.560000 3985 3985 1813.500000 418.100000
1021 12 0 0 0 0.000000 0 0 2685.760000 0.000000 0 0.005692 0.560000 4796 4796 2182.916667 502.843333
1021 15 0 0 0 0.000000 0 0 1900.640000 0.000000 0 0.005665 0.560000 3394 3394 1544.833333 355.806667
1021 4 0 0 0 0.000000 0 0 2313.920000 0.000000 0 0.005675 0.560000 4132 4132 1880.666667 433.253333
1081 8 1 1 0 0.000000 0 0 1859.760000 0.000000 0 0.005664 0.560000 3321 3321 1511.250000 348.510000
1081 15 1 1 0 0.000000 0 0 1900.640000 0.000000 0 0.005667 0.560000 3394 3394 1544.833333 355.806667
1081 4 1 1 0 0.000000 0 0 2313.920000 0.000000 0 0.005675 0.560000 4132 4132 1880.666667 433.253333
1081 6 1 1 0 0.000000 0 0 2355.360000 0.000000 0 0.005677 0.560000 4206 4206 1914.250000 441.110000
1081 11 0 0 0 0.000000 0 0 2396.800000 0.000000 0 0.005678 0.560000 4280 4280 1947.833333 448.966667
1081 5 0 0 0 0.000000 0 0 2024.960000 0.000000 0 0.005666 0.560000 3616 3616 1645.583333 379.376667
1081 12 0 0 0 0.000000 0 0 2685.760000 0.000000 0 0.005695 0.560000 4796 4796 2182.916667 502.843333
1081 13 0 0 0 0.000000 0 0 2810.080000 0.000000 0 0.005687 0.560000 5018 5018 2283.666667 526.413333
1081 10 0 0 0 0.000000 0 0 1446.480000 0.000000 0 0.005671 0.560000 2583 2583 1175.416667 271.063333
1081 7 0 0 0 0.000000 0 0 2892.400000 0.000000 0 0.005687 0.560000 5165 5165 2350.833333 541.566667
1081 14 0 0 0 0.000000 0 0 2231.600000 0.000000 0 0.005684 0.560000 3985 3985 1813.500000 418.100000
1081 9 0 0 0 0.000000 0 0 2396.800000 0.000000 0 0.005675 0.560000 4280 4280 1947.833333 448.966667
1141 8 1 1 0 0.000000 0 0 1859.760000 0.000000 0 0.005664 0.560000 3321 3321 1511.250000 348.510000
1141 15 1 1 0 0.000000 0 0 1900.640000 0.000000 0 0.005669 0.560000 3394 3394 1544.833333 355.806667
1141 6 0 0 0 0.000000 0 0 2355.360000 0.000000 0 0.005678 0.560000 4206 4206 1914.250000 441.110000
1141 11 0 0 0 0.000000 0 0 2396.800000 0.000000 0 0.005682 0.560000 4280 4280 1947.833333 448.966667
1141 12 0 0 0 0.000000 0 0 2685.760000 0.000000 0 0.005700 0.560000 4796 4796 2182.916667 502.843333
1141 10 0 0 0 0.000000 0 0 1446.480000 0.000000 0 0.005675 0.560000 2583 2583 1175.416667 271.063333
1141 14 0 0 0 0.000000 0 0 2231.600000 0.000000 0 0.005682 0.560000 3985 3985 1813.500000 418.100000
1141 13 0 0 0 0.000000 0 0 2810.080000 0.000000 0 0.005689 0.560000 5018 5018 2283.666667 526.413333
1141 7 0 0 0 0.000000 0 0 2892.400000 0.000000 0 0.005688 0.560000 5165 5165 2350.833333 541.566667
1141 5 0 0 0 0.000000 0 0 2024.960000 0.000000 0 0.005667 0.560000 3616 3616 1645.583333 379.376667
1141 4 0 0 0 0.000000 0 0 2313.920000 0.000000 0 0.005678 0.560000 4132 4132 1880.666667 433.253333
1141 9 0 0 0 0.000000 0 0 2396.800000 0.000000 0 0.005674 0.560000 4280 4280 1947.833333 448.966667
1201 4 1 1 0 0.000000 0 0 2313.920000 0.000000 0 0.005679 0.560000 4132 4132 1880.666667 433.253333
1201 8 0 0 0 0.000000 0 0 1859.760000 0.000000 0 0.005664 0.560000 3321 3321 1511.250000 348.510000
1201 15 0 0 0 0.000000 0 0 1900.640000 0.000000 0 0.005670 0.560000 3394 3394 1544.833333 355.806667
1201 6 0 0 0 0.000000 0 0 2355.360000 0.000000 0 0.005678 0.560000 4206 4206 1914.250000 441.110000
1201 11 0 0 0 0.000000 0 0 2396.800000 0.000000 0 0.005685 0.560000 4280 4280 1947.833333 448.966667
1201 14 0 0 0 0.000000 0 0 2231.600000 0.000000 0 0.005684 0.560000 3985 3985 1813.500000 418.100000
1201 7 0 0 0 0.000000 0 0 2892.400000 0.000000 0 0.005692 0.560000 5165 5165 2350.833333 541.566667
1201 5 0 0 0 0.000000 0 0 2024.960000 0.000000 0 0.005667 0.560000 3616 3616 1645.583333 379.376667
1201 9 0 0 0 0.000000 0 0 2396.800000 0.000000 0 0.005677 0.560000 4280 4280 1947.833333 448.966667
1201 13 0 0 0 0.000000 0 0 2810.080000 0.000000 0 0.005690 0.560000 5018 5018 2283.666667 526.413333
1201 10 0 0 0 0.000000 0 0 1446.480000 0.000000 0 0.005675 0.560000 2583 2583 1175.416667 271.063333
1201 12 0 0 0 0.000000 0 0 2685.760000 0.000000 0 0.005702 0.560000 4796 4796 2182.916667 502.843333
1261 7 1 1 0 0.000000 0 0 2892.400000 0.000000 0 0.005692 0.560000 5165 5165 2350.833333 541.566667
1261 8 0 0 0 0.000000 0 0 1859.760000 0.000000 0 0.005665 0.560000 3321 3321 1511.250000 348.510000
1261 15 0 0 0 0.000000 0 0 1900.640000 0.000000 0 0.005672 0.560000 3394 3394 1544.833333 355.806667
1261 14 0 0 0 0.000000 0 0 2231.600000 0.000000 0 0.005683 0.560000 3985 3985 1813.500000 418.100000
1261 5 0 0 0 0.000000 0 0 2024.960000 0.000000 0 0.005669 0.560000 3616 3616 1645.583333 379.376667
1261 9 0 0 0 0.000000 0 0 2396.800000 0.000000 0 0.005679 0.560000 4280 4280 1947.833333 448.966667
1261 13 0 0 0 0.000000 0 0 2810.080000 0.000000 0 0.005691 0.560000 5018 5018 2283.666667 526.413333
1261 10 0 0 0 0.000000 0 0 1446.480000 0.000000 0 0.005675 0.560000 2583 2583 1175.416667 271.063333
1261 12 0 0 0 0.000000 0 0 2685.760000 0.000000 0 0.005702 0.560000 4796 4796 2182.916667 502.843333
1261 11 0 0 0 0.000000 0 0 2396.800000 0.000000 0 0.005687 0.560000 4280 4280 1947.833333 448.966667
1261 4 0 0 0 0.000000 0 0 2313.920000 0.000000 0 0.005680 0.560000 4132 4132 1880.666667 433.253333
1261 6 0 0 0 0.000000 0 0 2355.360000 0.000000 0 0.005680 0.560000 4206 4206 1914.250000 441.110000
1321 7 1 1 0 0.000000 0 0 2892.400000 0.000000 0 0.005696 0.560000 5165 5165 2350.833333 541.566667
1321 6 1 1 0 0.000000 0 0 2355.360000 0.000000 0 0.005680 0.560000 4206 4206 1914.250000 441.110000
1321 4 1 1 0 0.000000 0 0 2313.920000 0.000000 0 0.005682 0.560000 4132 4132 1880.666667 433.253333
1321 8 0 0 0 0.000000 0 0 1859.760000 0.000000 0 0.005666 0.560000 3321 3321 1511.250000 348.510000
1321 15 0 0 0 0.000000 0 0 1900.640000 0.000000 0 0.005673 0.560000 3394 3394 1544.833333 355.806667
1321 5 0 0 0 0.000000 0 0 2024.960000 0.000000 0 0.005671 0.560000 3616 3616 1645.583333 379.376667
1321 9 0 0 0 0.000000 0 0 2396.800000 0.000000 0 0.005680 0.560000 4280 4280 1947.833333 448.966667
1321 13 0 0 0 0.000000 0 0 2810.080000 0.000000 0 0.005694 0.560000 5018 5018 2283.666667 526.413333
1321 10 0 0 0 0.000000 0 0 1446.480000 0.000000 0 0.005677 0.560000 2583 2583 1175.416667 271.063333
1321 12 0 0 0 0.000000 0 0 2685.760000 0.000000 0 0.005702 0.560000 4796 4796 2182.916667 502.843333
1321 11 0 0 0 0.000000 0 0 2396.800000 0.000000 0 0.005690 0.560000 4280 4280 1947.833333 448.966667
1321 14 0 0 0 0.000000 0 0 2231.600000 0.000000 0 0.005684 0.560000 3985 3985 1813.500000 418.100000
1381 15 1 1 0 0.000000 0 0 1900.640000 0.000000 0 0.005672 0.560000 3394 3394 1544.833333 355.806667
1381 7 1 1 0 0.000000 0 0 2892.400000 0.000000 0 0.005696 0.560000 5165 5165 2350.833333 541.566667
1381 4 0 0 0 0.000000 0 0 2313.920000 0.000000 0 0.005682 0.560000 4132 4132 1880.666667 433.253333
1381 8 0 0 0 0.000000 0 0 1859.760000 0.000000 0 0.005666 0.560000 3321 3321 1511.250000 348.510000
1381 5 0 0 0 0.000000 0 0 2024.960000 0.000000 0 0.005672 0.560000 3616 3616 1645.583333 379.376667
1381 13 0 0 0 0.000000 0 0 2810.080000 0.000000 0 0.005697 0.560000 5018 5018 2283.666667 526.413333
1381 11 0 0 0 0.000000 0 0 2396.800000 0.000000 0 0.005692 0.560000 4280 4280 1947.833333 448.966667
1381 14 0 0 0 0.000000 0 0 2231.600000 0.000000 0 0.005684 0.560000 3985 3985 1813.500000 418.100000
1381 9 0 0 0 0.000000 0 0 2396.800000 0.000000 0 0.005678 0.560000 4280 4280 1947.833333 448.966667
1381 6 0 0 0 0.000000 0 0 2355.360000 0.000000 0 0.005681 0.560000 4206 4206 1914.250000 441.110000
1381 12 0 0 0 0.000000 0 0 2685.760000 0.000000 0 0.005701 0.560000 4796 4796 2182.916667 502.843333
1381 10 0 0 0 0.000000 0 0 1446.480000 0.000000 0 0.005674 0.560000 2583 2583 1175.416667 271.063333
1441 7 1 1 0 0.000000 0 0 2892.400000 0.000000 0 0.005699 0.560000 5165 5165 2350.833333 541.566667
1441 4 0 0 0 0.000000 0 0 2313.920000 0.000000 0 0.005683 0.560000 4132 4132 1880.666667 433.253333
1441 8 0 0 0 0.000000 0 0 1859.760000 0.000000 0 0.005668 0.560000 3321 3321 1511.250000 348.510000
1441 5 0 0 0 0.000000 0 0 2024.960000 0.000000 0 0.005673 0.560000 3616 3616 1645.583333 379.376667
1441 11 0 0 0 0.000000 0 0 2396.800000 0.000000 0 0.005692 0.560000 4280 4280 1947.833333 448.966667
1441 14 0 0 0 0.000000 0 0 2231.600000 0.000000 0 0.005687 0.560000 3985 3985 1813.500000 418.100000
1441 9 0 0 0 0.000000 0 0 2396.800000 0.000000 0 0.005683 0.560000 4280 4280 1947.833333 448.966667
1441 12 0 0 0 0.000000 0 0 2685.760000 0.000000 0 0.005703 0.560000 4796 4796 2182.916667 502.843333
1441 10 0 0 0 0.000000 0 0 1446.480000 0.000000 0 0.005675 0.560000 2583 2583 1175.416667 271.063333
1441 13 0 0 0 0.000000 0 0 2810.080000 0.000000 0 0.005697 0.560000 5018 5018 2283.666667 526.413333
1441 6 0 0 0 0.000000 0 0 2355.360000 0.000000 0 0.005683 0.560000 4206 4206 1914.250000 441.110000
1441 15 0 0 0 0.000000 0 0 1900.640000 0.000000 0 0.005672 0.560000 3394 3394 1544.833333 355.806667
1501 15 1 1 0 0.000000 0 0 1900.640000 0.000000 0 0.005672 0.560000 3394 3394 1544.833333 355.806667
1501 4 0 0 0 0.000000 0 0 2313.920000 0.000000 0 0.005681 0.560000 4132 4132 1880.666667 433.253333
1501 8 0 0 0 0.000000 0 0 1859.760000 0.000000 0 0.005667 0.560000 3321 3321 1511.250000 348.510000
1501 5 0 0 0 0.000000 0 0 2024.960000 0.000000 0 0.005673 0.560000 3616 3616 1645.583333 379.376667
1501 14 0 0 0 0.000000 0 0 2231.600000 0.000000 0 0.005688 0.560000 3985 3985 1813.500000 418.100000
1501 9 0 0 0 0.000000 0 0 2396.800000 0.000000 0 0.005684 0.560000 4280 4280 1947.833333 448.966667
1501 12 0 0 0 0.000000 0 0 2685.760000 0.000000 0 0.005702 0.560000 4796 4796 2182.916667 502.843333
1501 11 0 0 0 0.000000 0 0 2396.800000 0.000000 0 0.005693 0.560000 4280 4280 1947.833333 448.966667
1501 7 0 0 0 0.000000 0 0 2892.400000 0.000000 0 0.005697 0.560000 5165 5165 2350.833333 541.566667
1501 6 0 0 0 0.000000 0 0 2355.360000 0.000000 0 0.005682 0.560000 4206 4206 1914.250000 441.110000
1501 13 0 0 0 0.000000 0 0 2810.080000 0.000000 0 0.005699 0.560000 5018 5018 2283.666667 526.413333
1501 10 0 0 0 0.000000 0 0 1446.480000 0.000000 0 0.005676 0.560000 2583 2583 1175.416667 271.063333
1561 15 1 1 0 0.000000 0 0 1900.640000 0.000000 0 0.005675 0.560000 3394 3394 1544.833333 355.806667
1561 9 1 1 0 0.000000 0 0 2396.800000 0.000000 0 0.005686 0.560000 4280 4280 1947.833333 448.966667
1561 4 0 0 0 0.000000 0 0 2313.920000 0.000000 0 0.005682 0.560000 4132 4132 1880.666667 433.253333
1561 8 0 0 0 0.000000 0 0 1859.760000 0.000000 0 0.005670 0.560000 3321 3321 1511.250000 348.510000
1561 7 0 0 0 0.000000 0 0 2892.400000 0.000000 0 0.005701 0.560000 5165 5165 2350.833333 541.566667
1561 6 0 0 0 0.000000 0 0 2355.360000 0.000000 0 0.005684 0.560000 4206 4206 1914.250000 441.110000
1561 13 0 0 0 0.000000 0 0 2810.080000 0.000000 0 0.005702 0.560000 5018 5018 2283.666667 526.413333
1561 10 0 0 0 0.000000 0 0 1446.480000 0.000000 0 0.005678 0.560000 2583 2583 1175.416667 271.063333
1561 11 0 0 0 0.000000 0 0 2396.800000 0.000000 0 0.005696 0.560000 4280 4280 1947.833333 448.966667
1561 12 0 0 0 0.000000 0 0 2685.760000 0.000000 0 0.005704 0.560000 4796 4796 2182.916667 502.843333
1561 14 0 0 0 0.000000 0 0 2231.600000 0.000000 0 0.005697 0.560000 3985 3985 1813.500000 418.100000
1561 5 0 0 0 0.000000 0 0 2024.960000 0.000000 0 0.005676 0.560000 3616 3616 1645.583333 379.376667
1621 9 1 1 0 0.000000 0 0 2396.800000 0.000000 0 0.005685 0.560000 4280 4280 1947.833333 448.966667
1621 15 1 1 0 0.000000 0 0 1900.640000 0.000000 0 0.005673 0.560000 3394 3394 1544.833333 355.806667
1621 4 0 0 0 0.000000 0 0 2313.920000 0.000000 0 0.005683 0.560000 4132 4132 1880.666667 433.253333
1621 7 0 0 0 0.000000 0 0 2892.400000 0.000000 0 0.005704 0.560000 5165 5165 2350.833333 541.566667
1621 6 0 0 0 0.000000 0 0 2355.360000 0.000000 0 0.005686 0.560000 4206 4206 1914.250000 441.110000
1621 10 0 0 0 0.000000 0 0 1446.480000 0.000000 0 0.005682 0.560000 2583 2583 1175.416667 271.063333
1621 14 0 0 0 0.000000 0 0 2231.600000 0.000000 0 0.005697 0.560000 3985 3985 1813.500000 418.100000
1621 5 0 0 0 0.000000 0 0 2024.960000 0.000000 0 0.005677 0.560000 3616 3616 1645.583333 379.376667
1621 8 0 0 0 0.000000 0 0 1859.760000 0.000000 0 0.005670 0.560000 3321 3321 1511.250000 348.510000
1621 11 0 0 0 0.000000 0 0 2396.800000 0.000000 0 0.005694 0.560000 4280 4280 1947.833333 448.966667
1621 12 0 0 0 0.000000 0 0 2685.760000 0.000000 0 0.005703 0.560000 4796 4796 2182.916667 502.843333
1621 13 0 0 0 0.000000 0 0 2810.080000 0.000000 0 0.005704 0.560000 5018 5018 2283.666667 526.413333
1681 12 1 1 0 0.000000 0 0 2685.760000 0.000000 0 0.005702 0.560000 4796 4796 2182.916667 502.843333
1681 9 0 0 0 0.000000 0 0 2396.800000 0.000000 0 0.005686 0.560000 4280 4280 1947.833333 448.966667
1681 15 0 0 0 0.000000 0 0 1900.640000 0.000000 0 0.005674 0.560000 3394 3394 1544.833333 355.806667
1681 4 0 0 0 0.000000 0 0 2313.920000 0.000000 0 0.005685 0.560000 4132 4132 1880.666667 433.253333
1681 7 0 0 0 0.000000 0 0 2892.400000 0.000000 0 0.005707 0.560000 5165 5165 2350.833333 541.566667
1681 6 0 0 0 0.000000 0 0 2355.360000 0.000000 0 0.005689 0.560000 4206 4206 1914.250000 441.110000
1681 10 0 0 0 0.000000 0 0 1446.480000 0.000000 0 0.005684 0.560000 2583 2583 1175.416667 271.063333
1681 5 0 0 0 0.000000 0 0 2024.960000 0.000000 0 0.005679 0.560000 3616 3616 1645.583333 379.376667
1681 11 0 0 0 0.000000 0 0 2396.800000 0.000000 0 0.005696 0.560000 4280 4280 1947.833333 448.966667
1681 13 0 0 0 0.000000 0 0 2810.080000 0.000000 0 0.005702 0.560000 5018 5018 2283.666667 526.413333
1681 8 0 0 0 0.000000 0 0 1859.760000 0.000000 0 0.005673 0.560000 3321 3321 1511.250000 348.510000
1681 14 0 0 0 0.000000 0 0 2231.600000 0.000000 0 0.005699 0.560000 3985 3985 1813.500000 418.100000
1741 7 1 1 0 0.000000 0 0 2892.400000 0.000000 0 0.005706 0.560000 5165 5165 2350.833333 541.566667
1741 9 0 0 0 0.000000 0 0 2396.800000 0.000000 0 0.005690 0.560000 4280 4280 1947.833333 448.966667
1741 15 0 0 0 0.000000 0 0 1900.640000 0.000000 0 0.005675 0.560000 3394 3394 1544.833333 355.806667
1741 5 0 0 0 0.000000 0 0 2024.960000 0.000000 0 0.005679 0.560000 3616 3616 1645.583333 379.376667
1741 11 0 0 0 0.000000 0 0 2396.800000 0.000000 0 0.005696 0.560000 4280 4280 1947.833333 448.966667
1741 13 0 0 0 0.000000 0 0 2810.080000 0.000000 0 0.005702 0.560000 5018 5018 2283.666667 526.413333
1741 14 0 0 0 0.000000 0 0 2231.600000 0.000000 0 0.005700 0.560000 3985 3985 1813.500000 418.100000
1741 12 0 0 0 0.000000 0 0 2685.760000 0.000000 0 0.005703 0.560000 4796 4796 2182.916667 502.843333
1741 8 0 0 0 0.000000 0 0 1859.760000 0.000000 0 0.005674 0.560000 3321 3321 1511.250000 348.510000
1741 4 0 0 0 0.000000 0 0 2313.920000 0.000000 0 0.005687 0.560000 4132 4132 1880.666667 433.253333
1741 10 0 0 0 0.000000 0 0 1446.480000 0.000000 0 0.005684 0.560000 2583 2583 1175.416667 271.063333
1741 6 0 0 0 0.000000 0 0 2355.360000 0.000000 0 0.005690 0.560000 4206 4206 1914.250000 441.110000
1801 12 1 1 0 0.000000 0 0 2685.760000 0.000000 0 0.005703 0.560000 4796 4796 2182.916667 502.843333
1801 9 0 0 0 0.000000 0 0 2396.800000 0.000000 0 0.005691 0.560000 4280 4280 1947.833333 448.966667
1801 15 0 0 0 0.000000 0 0 1900.640000 0.000000 0 0.005676 0.560000 3394 3394 1544.833333 355.806667
1801 5 0 0 0 0.000000 0 0 2024.960000 0.000000 0 0.005682 0.560000 3616 3616 1645.583333 379.376667
1801 13 0 0 0 0.000000 0 0 2810.080000 0.000000 0 0.005705 0.560000 5018 5018 2283.666667 526.413333
1801 8 0 0 0 0.000000 0 0 1859.760000 0.000000 0 0.005675 0.560000 3321 3321 1511.250000 348.510000
1801 4 0 0 0 0.000000 0 0 2313.920000 0.000000 0 0.005689 0.560000 4132 4132 1880.666667 433.253333
1801 10 0 0 0 0.000000 0 0 1446.480000 0.000000 0 0.005687 0.560000 2583 2583 1175.416667 271.063333
1801 6 0 0 0 0.000000 0 0 2355.360000 0.000000 0 0.005690 0.560000 4206 4206 1914.250000 441.110000
1801 14 0 0 0 0.000000 0 0 2231.600000 0.000000 0 0.005703 0.560000 3985 3985 1813.500000 418.100000
1801 11 0 0 0 0.000000 0 0 2396.800000 0.000000 0 0.005701 0.560000 4280 4280 1947.833333 448.966667
1801 7 0 0 0 0.000000 0 0 2892.400000 0.000000 0 0.005707 0.560000 5165 5165 2350.833333 541.566667
1861 12 1 1 0 0.000000 0 0 2685.760000 0.000000 0 0.005702 0.560000 4796 4796 2182.916667 502.843333
1861 9 0 0 0 0.000000 0 0 2396.800000 0.000000 0 0.005689 0.560000 4280 4280 1947.833333 448.966667
1861 15 0 0 0 0.000000 0 0 1900.640000 0.000000 0 0.005677 0.560000 3394 3394 1544.833333 355.806667
1861 5 0 0 0 0.000000 0 0 2024.960000 0.000000 0 0.005683 0.560000 3616 3616 1645.583333 379.376667
1861 13 0 0 0 0.000000 0 0 2810.080000 0.000000 0 0.005705 0.560000 5018 5018 2283.666667 526.413333
1861 8 0 0 0 0.000000 0 0 1859.760000 0.000000 0 0.005676 0.560000 3321 3321 1511.250000 348.510000
1861 4 0 0 0 0.000000 0 0 2313.920000 0.000000 0 0.005692 0.560000 4132 4132 1880.666667 433.253333
1861 10 0 0 0 0.000000 0 0 1446.480000 0.000000 0 0.005692 0.560000 2583 2583 1175.416667 271.063333
1861 6 0 0 0 0.000000 0 0 2355.360000 0.000000 0 0.005692 0.560000 4206 4206 1914.250000 441.110000
1861 14 0 0 0 0.000000 0 0 2231.600000 0.000000 0 0.005702 0.560000 3985 3985 1813.500000 418.100000
1861 11 0 0 0 0.000000 0 0 2396.800000 0.000000 0 0.005702 0.560000 4280 4280 1947.833333 448.966667
1861 7 0 0 0 0.000000 0 0 2892.400000 0.000000 0 0.005705 0.560000 5165 5165 2350.833333 541.566667
1921 7 1 1 0 0.000000 0 0 2892.400000 0.000000 0 0.005708 0.560000 5165 5165 2350.833333 541.566667
1921 12 0 0 0 0.000000 0 0 2685.760000 0.000000 0 0.005702 0.560000 4796 4796 2182.916667 502.843333
1921 15 0 0 0 0.000000 0 0 1900.640000 0.000000 0 0.005678 0.560000 3394 3394 1544.833333 355.806667
1921 5 0 0 0 0.000000 0 0 2024.960000 0.000000 0 0.005684 0.560000 3616 3616 1645.583333 379.376667
1921 13 0 0 0 0.000000 0 0 2810.080000 0.000000 0 0.005707 0.560000 5018 5018 2283.666667 526.413333
1921 8 0 0 0 0.000000 0 0 1859.760000 0.000000 0 0.005680 0.560000 3321 3321 1511.250000 348.510000
1921 4 0 0 0 0.000000 0 0 2313.920000 0.000000 0 0.005692 0.560000 4132 4132 1880.666667 433.253333
1921 10 0 0 0 0.000000 0 0 1446.480000 0.000000 0 0.005693 0.560000 2583 2583 1175.416667 271.063333
1921 6 0 0 0 0.000000 0 0 2355.360000 0.000000 0 0.005694 0.560000 4206 4206 1914.250000 441.110000
1921 11 0 0 0 0.000000 0 0 2396.800000 0.000000 0 0.005709 0.560000 4280 4280 1947.833333 448.966667
1921 14 0 0 0 0.000000 0 0 2231.600000 0.000000 0 0.005704 0.560000 3985 3985 1813.500000 418.100000
1921 9 0 0 0 0.000000 0 0 2396.800000 0.000000 0 0.005688 0.560000 4280 4280 1947.833333 448.966667
1981 7 0 0 0 0.000000 0 0 2892.400000 0.000000 0 0.005710 0.560000 5165 5165 2350.833333 541.566667
1981 12 0 0 0 0.000000 0 0 2685.760000 0.000000 0 0.005704 0.560000 4796 4796 2182.916667 502.843333
1981 15 0 0 0 0.000000 0 0 1900.640000 0.000000 0 0.005678 0.560000 3394 3394 1544.833333 355.806667
1981 5 0 0 0 0.000000 0 0 2024.960000 0.000000 0 0.005685 0.560000 3616 3616 1645.583333 379.376667
1981 8 0 0 0 0.000000 0 0 1859.760000 0.000000 0 0.005682 0.560000 3321 3321 1511.250000 348.510000
1981 4 0 0 0 0.000000 0 0 2313.920000 0.000000 0 0.005695 0.560000 4132 4132 1880.666667 433.253333
1981 6 0 0 0 0.000000 0 0 2355.360000 0.000000 0 0.005697 0.560000 4206 4206 1914.250000 441.110000
1981 9 0 0 0 0.000000 0 0 2396.800000 0.000000 0 0.005692 0.560000 4280 4280 1947.833333 448.966667
1981 14 0 0 0 0.000000 0 0 2231.600000 0.000000 0 0.005706 0.560000 3985 3985 1813.500000 418.100000
1981 13 0 0 0 0.000000 0 0 2810.080000 0.000000 0 0.005705 0.560000 5018 5018 2283.666667 526.413333
1981 10 0 0 0 0.000000 0 0 1446.480000 0.000000 0 0.005697 0.560000 2583 2583 1175.416667 271.063333
1981 11 0 0 0 0.000000 0 0 2396.800000 0.000000 0 0.005712 0.560000 4280 4280 1947.833333 448.966667
2041 6 1 1 0 0.000000 0 0 2355.360000 0.000000 0 0.005697 0.560000 4206 4206 1914.250000 441.110000
2041 7 0 0 0 0.000000 0 0 2892.400000 0.000000 0 0.005709 0.560000 5165 5165 2350.833333 541.566667
2041 12 0 0 0 0.000000 0 0 2685.760000 0.000000 0 0.005705 0.560000 4796 4796 2182.916667 502.843333
2041 5 0 0 0 0.000000 0 0 2024.960000 0.000000 0 0.005685 0.560000 3616 3616 1645.583333 379.376667
2041 4 0 0 0 0.000000 0 0 2313.920000 0.000000 0 0.005695 0.560000 4132 4132 1880.666667 433.253333
2041 9 0 0 0 0.000000 0 0 2396.800000 0.000000 0 0.005694 0.560000 4280 4280 1947.833333 448.966667
2041 11 0 0 0 0.000000 0 0 2396.800000 0.000000 0 0.005710 0.560000 4280 4280 1947.833333 448.966667
2041 13 0 0 0 0.000000 0 0 2810.080000 0.000000 0 0.005707 0.560000 5018 5018 2283.666667 526.413333
2041 14 0 0 0 0.000000 0 0 2231.600000 0.000000 0 0.005706 0.560000 3985 3985 1813.500000 418.100000
2041 15 0 0 0 0.000000 0 0 1900.640000 0.000000 0 0.005678 0.560000 3394 3394 1544.833333 355.806667
2041 10 0 0 0 0.000000 0 0 1446.480000 0.000000 0 0.005698 0.560000 2583 2583 1175.416667 271.063333
2041 8 0 0 0 0.000000 0 0 1859.760000 0.000000 0 0.005682 0.560000 3321 3321 1511.250000 348.510000
2101 6 0 0 0 0.000000 0 0 2355.360000 0.000000 0 0.005696 0.560000 4206 4206 1914.250000 441.110000
2101 7 0 0 0 0.000000 0 0 2892.400000 0.000000 0 0.005708 0.560000 5165 5165 2350.833333 541.566667
2101 12 0 0 0 0.000000 0 0 2685.760000 0.000000 0 0.005705 0.560000 4796 4796 2182.916667 502.843333
2101 5 0 0 0 0.000000 0 0 2024.960000 0.000000 0 0.005686 0.560000 3616 3616 1645.583333 379.376667
2101 4 0 0 0 0.000000 0 0 2313.920000 0.000000 0 0.005696 0.560000 4132 4132 1880.666667 433.253333
2101 11 0 0 0 0.000000 0 0 2396.800000 0.000000 0 0.005716 0.560000 4280 4280 1947.833333 448.966667
2101 13 0 0 0 0.000000 0 0 2810.080000 0.000000 0 0.005717 0.560000 5018 5018 2283.666667 526.413333
2101 15 0 0 0 0.000000 0 0 1900.640000 0.000000 0 0.005679 0.560000 3394 3394 1544.833333 355.806667
2101 10 0 0 0 0.000000 0 0 1446.480000 0.000000 0 0.005700 0.560000 2583 2583 1175.416667 271.063333
2101 8 0 0 0 0.000000 0 0 1859.760000 0.000000 0 0.005683 0.560000 3321 3321 1511.250000 348.510000
2101 9 0 0 0 0.000000 0 0 2396.800000 0.000000 0 0.005693 0.560000 4280 4280 1947.833333 448.966667
2101 14 0 0 0 0.000000 0 0 2231.600000 0.000000 0 0.005708 0.560000 3985 3985 1813.500000 418.100000
2161 7 1 1 0 0.000000 0 0 2892.400000 0.000000 0 0.005706 0.560000 5165 5165 2350.833333 541.566667
2161 12 1 1 0 0.000000 0 0 2685.760000 0.000000 0 0.005707 0.560000 4796 4796 2182.916667 502.843333
2161 6 0 0 0 0.000000 0 0 2355.360000 0.000000 0 0.005695 0.560000 4206 4206 1914.250000 441.110000
2161 5 0 0 0 0.000000 0 0 2024.960000 0.000000 0 0.005687 0.560000 3616 3616 1645.583333 379.376667
2161 15 0 0 0 0.000000 0 0 1900.640000 0.000000 0 0.005679 0.560000 3394 3394 1544.833333 355.806667
2161 10 0 0 0 0.000000 0 0 1446.480000 0.000000 0 0.005698 0.560000 2583 2583 1175.416667 271.063333
2161 8 0 0 0 0.000000 0 0 1859.760000 0.000000 0 0.005683 0.560000 3321 3321 1511.250000 348.510000
2161 9 0 0 0 0.000000 0 0 2396.800000 0.000000 0 0.005694 0.560000 4280 4280 1947.833333 448.966667
2161 14 0 0 0 0.000000 0 0 2231.600000 0.000000 0 0.005706 0.560000 3985 3985 1813.500000 418.100000
2161 11 0 0 0 0.000000 0 0 2396.800000 0.000000 0 0.005712 0.560000 4280 4280 1947.833333 448.966667
2161 13 0 0 0 0.000000 0 0 2810.080000 0.000000 0 0.005713 0.560000 5018 5018 2283.666667 526.413333
2161 4 0 0 0 0.000000 0 0 2313.920000 0.000000 0 0.005697 0.560000 4132 4132 1880.666667 433.253333
2221 7 1 1 0 0.000000 0 0 2892.400000 0.000000 0 0.005704 0.560000 5165 5165 2350.833333 541.566667
2221 12 0 0 0 0.000000 0 0 2685.760000 0.000000 0 0.005708 0.560000 4796 4796 2182.916667 502.843333
2221 6 0 0 0 0.000000 0 0 2355.360000 0.000000 0 0.005696 0.560000 4206 4206 1914.250000 441.110000
2221 15 0 0 0 0.000000 0 0 1900.640000 0.000000 0 0.005680 0.560000 3394 3394 1544.833333 355.806667
2221 8 0 0 0 0.000000 0 0 1859.760000 0.000000 0 0.005686 0.560000 3321 3321 1511.250000 348.510000
2221 9 0 0 0 0.000000 0 0 2396.800000 0.000000 0 0.005696 0.560000 4280 4280 1947.833333 448.966667
2221 14 0 0 0 0.000000 0 0 2231.600000 0.000000 0 0.005706 0.560000 3985 3985 1813.500000 418.100000
2221 11 0 0 0 0.000000 0 0 2396.800000 0.000000 0 0.005712 0.560000 4280 4280 1947.833333 448.966667
2221 13 0 0 0 0.000000 0 0 2810.080000 0.000000 0 0.005714 0.560000 5018 5018 2283.666667 526.413333
2221 4 0 0 0 0.000000 0 0 2313.920000 0.000000 0 0.005697 0.560000 4132 4132 1880.666667 433.253333
2221 10 0 0 0 0.000000 0 0 1446.480000 0.000000 0 0.005702 0.560000 2583 2583 1175.416667 271.063333
2221 5 0 0 0 0.000000 0 0 2024.960000 0.000000 0 0.005688 0.560000 3616 3616 1645.583333 379.376667
2281 12 1 1 0 0.000000 0 0 2685.760000 0.000000 0 0.005707 0.560000 4796 4796 2182.916667 502.843333
2281 10 1 1 0 0.000000 0 0 1446.480000 0.000000 0 0.005699 0.560000 2583 2583 1175.416667 271.063333
2281 7 0 0 0 0.000000 0 0 2892.400000 0.000000 0 0.005704 0.560000 5165 5165 2350.833333 541.566667
2281 15 0 0 0 0.000000 0 0 1900.640000 0.000000 0 0.005680 0.560000 3394 3394 1544.833333 355.806667
2281 8 0 0 0 0.000000 0 0 1859.760000 0.000000 0 0.005689 0.560000 3321 3321 1511.250000 348.510000
2281 11 0 0 0 0.000000 0 0 2396.800000 0.000000 0 0.005717 0.560000 4280 4280 1947.833333 448.966667
2281 13 0 0 0 0.000000 0 0 2810.080000 0.000000 0 0.005715 0.560000 5018 5018 2283.666667 526.413333
2281 4 0 0 0 0.000000 0 0 2313.920000 0.000000 0 0.005696 0.560000 4132 4132 1880.666667 433.253333
2281 5 0 0 0 0.000000 0 0 2024.960000 0.000000 0 0.005687 0.560000 3616 3616 1645.583333 379.376667
2281 6 0 0 0 0.000000 0 0 2355.360000 0.000000 0 0.005695 0.560000 4206 4206 1914.250000 441.110000
2281 14 0 0 0 0.000000 0 0 2231.600000 0.000000 0 0.005707 0.560000 3985 3985 1813.500000 418.100000
2281 9 0 0 0 0.000000 0 0 2396.800000 0.000000 0 0.005702 0.560000 4280 4280 1947.833333 448.966667
2341 12 1 1 0 0.000000 0 0 2685.760000 0.000000 0 0.005704 0.560000 4796 4796 2182.916667 502.843333
2341 10 1 1 0 0.000000 0 0 1446.480000 0.000000 0 0.005699 0.560000 2583 2583 1175.416667 271.063333
2341 7 0 0 0 0.000000 0 0 2892.400000 0.000000 0 0.005703 0.560000 5165 5165 2350.833333 541.566667
2341 15 0 0 0 0.000000 0 0 1900.640000 0.000000 0 0.005679 0.560000 3394 3394 1544.833333 355.806667
2341 8 0 0 0 0.000000 0 0 1859.760000 0.000000 0 0.005688 0.560000 3321 3321 1511.250000 348.510000
2341 11 0 0 0 0.000000 0 0 2396.800000 0.000000 0 0.005717 0.560000 4280 4280 1947.833333 448.966667
2341 13 0 0 0 0.000000 0 0 2810.080000 0.000000 0 0.005712 0.560000 5018 5018 2283.666667 526.413333
2341 4 0 0 0 0.000000 0 0 2313.920000 0.000000 0 0.005696 0.560000 4132 4132 1880.666667 433.253333
2341 5 0 0 0 0.000000 0 0 2024.960000 0.000000 0 0.005688 0.560000 3616 3616 1645.583333 379.376667
2341 6 0 0 0 0.000000 0 0 2355.360000 0.000000 0 0.005699 0.560000 4206 4206 1914.250000 441.110000
2341 14 0 0 0 0.000000 0 0 2231.600000 0.000000 0 0.005708 0.560000 3985 3985 1813.500000 418.100000
2341 9 0 0 0 0.000000 0 0 2396.800000 0.000000 0 0.005701 0.560000 4280 4280 1947.833333 448.966667
2401 12 1 1 0 0.000000 0 0 2685.760000 0.000000 0 0.005705 0.560000 4796 4796 2182.916667 502.843333
2401 10 1 1 0 0.000000 0 0 1446.480000 0.000000 0 0.005697 0.560000 2583 2583 1175.416667 271.063333
2401 7 0 0 0 0.000000 0 0 2892.400000 0.000000 0 0.005703 0.560000 5165 5165 2350.833333 541.566667
2401 15 0 0 0 0.000000 0 0 1900.640000 0.000000 0 0.005679 0.560000 3394 3394 1544.833333 355.806667
2401 8 0 0 0 0.000000 0 0 1859.760000 0.000000 0 0.005689 0.560000 3321 3321 1511.250000 348.510000
2401 6 0 0 0 0.000000 0 0 2355.360000 0.000000 0 0.005702 0.560000 4206 4206 1914.250000 441.110000
2401 9 0 0 0 0.000000 0 0 2396.800000 0.000000 0 0.005699 0.560000 4280 4280 1947.833333 448.966667
2401 14 0 0 0 0.000000 0 0 2231.600000 0.000000 0 0.005708 0.560000 3985 3985 1813.500000 418.100000
2401 5 0 0 0 0.000000 0 0 2024.960000 0.000000 0 0.005689 0.560000 3616 3616 1645.583333 379.376667
2401 13 0 0 0 0.000000 0 0 2810.080000 0.000000 0 0.005716 0.560000 5018 5018 2283.666667 526.413333
2401 4 0 0 0 0.000000 0 0 2313.920000 0.000000 0 0.005696 0.560000 4132 4132 1880.666667 433.253333
2401 11 0 0 0 0.000000 0 0 2396.800000 0.000000 0 0.005716 0.560000 4280 4280 1947.833333 448.966667
2461 12 1 1 0 0.000000 0 0 2685.760000 0.000000 0 0.005709 0.560000 4796 4796 2182.916667 502.843333
2461 13 1 1 0 0.000000 0 0 2810.080000 0.000000 0 0.005720 0.560000 5018 5018 2283.666667 526.413333
2461 10 0 0 0 0.000000 0 0 1446.480000 0.000000 0 0.005698 0.560000 2583 2583 1175.416667 271.063333
2461 7 0 0 0 0.000000 0 0 2892.400000 0.000000 0 0.005708 0.560000 5165 5165 2350.833333 541.566667
2461 15 0 0 0 0.000000 0 0 1900.640000 0.000000 0 0.005683 0.560000 3394 3394 1544.833333 355.806667
2461 6 0 0 0 0.000000 0 0 2355.360000 0.000000 0 0.005702 0.560000 4206 4206 1914.250000 441.110000
2461 9 0 0 0 0.000000 0 0 2396.800000 0.000000 0 0.005701 0.560000 4280 4280 1947.833333 448.966667
2461 14 0 0 0 0.000000 0 0 2231.600000 0.000000 0 0.005709 0.560000 3985 3985 1813.500000 418.100000
2461 11 0 0 0 0.000000 0 0 2396.800000 0.000000 0 0.005719 0.560000 4280 4280 1947.833333 448.966667
2461 4 0 0 0 0.000000 0 0 2313.920000 0.000000 0 0.005698 0.560000 4132 4132 1880.666667 433.253333
2461 5 0 0 0 0.000000 0 0 2024.960000 0.000000 0 0.005689 0.560000 3616 3616 1645.583333 379.376667
2461 8 0 0 0 0.000000 0 0 1859.760000 0.000000 0 0.005689 0.560000 3321 3321 1511.250000 348.510000
2521 13 1 1 0 0.000000 0 0 2810.080000 0.000000 0 0.005717 0.560000 5018 5018 2283.666667 526.413333
2521 7 0 0 0 0.000000 0 0 2892.400000 0.000000 0 0.005705 0.560000 5165 5165 2350.833333 541.566667
2521 15 0 0 0 0.000000 0 0 1900.640000 0.000000 0 0.005683 0.560000 3394 3394 1544.833333 355.806667
2521 6 0 0 0 0.000000 0 0 2355.360000 0.000000 0 0.005704 0.560000 4206 4206 1914.250000 441.110000
2521 9 0 0 0 0.000000 0 0 2396.800000 0.000000 0 0.005704 0.560000 4280 4280 1947.833333 448.966667
2521 14 0 0 0 0.000000 0 0 2231.600000 0.000000 0 0.005713 0.560000 3985 3985 1813.500000 418.100000
2521 4 0 0 0 0.000000 0 0 2313.920000 0.000000 0 0.005700 0.560000 4132 4132 1880.666667 433.253333
2521 5 0 0 0 0.000000 0 0 2024.960000 0.000000 0 0.005688 0.560000 3616 3616 1645.583333 379.376667
2521 8 0 0 0 0.000000 0 0 1859.760000 0.000000 0 0.005690 0.560000 3321 3321 1511.250000 348.510000
2521 10 0 0 0 0.000000 0 0 1446.480000 0.000000 0 0.005699 0.560000 2583 2583 1175.416667 271.063333
2521 12 0 0 0 0.000000 0 0 2685.760000 0.000000 0 0.005710 0.560000 4796 4796 2182.916667 502.843333
2521 11 0 0 0 0.000000 0 0 2396.800000 0.000000 0 0.005717 0.560000 4280 4280 1947.833333 448.966667
2581 13 0 0 0 0.000000 0 0 2810.080000 0.000000 0 0.005715 0.560000 5018 5018 2283.666667 526.413333
2581 7 0 0 0 0.000000 0 0 2892.400000 0.000000 0 0.005703 0.560000 5165 5165 2350.833333 541.566667
2581 15 0 0 0 0.000000 0 0 1900.640000 0.000000 0 0.005686 0.560000 3394 3394 1544.833333 355.806667
2581 6 0 0 0 0.000000 0 0 2355.360000 0.000000 0 0.005705 0.560000 4206 4206 1914.250000 441.110000
2581 9 0 0 0 0.000000 0 0 2396.800000 0.000000 0 0.005706 0.560000 4280 4280 1947.833333 448.966667
2581 14 0 0 0 0.000000 0 0 2231.600000 0.000000 0 0.005715 0.560000 3985 3985 1813.500000 418.100000
2581 4 0 0 0 0.000000 0 0 2313.920000 0.000000 0 0.005702 0.560000 4132 4132 1880.666667 433.253333
2581 5 0 0 0 0.000000 0 0 2024.960000 0.000000 0 0.005690 0.560000 3616 3616 1645.583333 379.376667
2581 11 0 0 0 0.000000 0 0 2396.800000 0.000000 0 0.005722 0.560000 4280 4280 1947.833333 448.966667
2581 10 0 0 0 0.000000 0 0 1446.480000 0.000000 0 0.005700 0.560000 2583 2583 1175.416667 271.063333
2581 12 0 0 0 0.000000 0 0 2685.760000 0.000000 0 0.005710 0.560000 4796 4796 2182.916667 502.843333
2581 8 0 0 0 0.000000 0 0 1859.760000 0.000000 0 0.005692 0.560000 3321 3321 1511.250000 348.510000
2641 6 1 1 0 0.000000 0 0 2355.360000 0.000000 0 0.005706 0.560000 4206 4206 1914.250000 441.110000
2641 13 0 0 0 0.000000 0 0 2810.080000 0.000000 0 0.005718 0.560000 5018 5018 2283.666667 526.413333
2641 7 0 0 0 0.000000 0 0 2892.400000 0.000000 0 0.005702 0.560000 5165 5165 2350.833333 541.566667
2641 15 0 0 0 0.000000 0 0 1900.640000 0.000000 0 0.005686 0.560000 3394 3394 1544.833333 355.806667
2641 5 0 0 0 0.000000 0 0 2024.960000 0.000000 0 0.005692 0.560000 3616 3616 1645.583333 379.376667
2641 10 0 0 0 0.000000 0 0 1446.480000 0.000000 0 0.005701 0.560000 2583 2583 1175.416667 271.063333
2641 8 0 0 0 0.000000 0 0 1859.760000 0.000000 0 0.005694 0.560000 3321 3321 1511.250000 348.510000
2641 12 0 0 0 0.000000 0 0 2685.760000 0.000000 0 0.005708 0.560000 4796 4796 2182.916667 502.843333
2641 4 0 0 0 0.000000 0 0 2313.920000 0.000000 0 0.005704 0.560000 4132 4132 1880.666667 433.253333
2641 9 0 0 0 0.000000 0 0 2396.800000 0.000000 0 0.005707 0.560000 4280 4280 1947.833333 448.966667
2641 14 0 0 0 0.000000 0 0 2231.600000 0.000000 0 0.005715 0.560000 3985 3985 1813.500000 418.100000
2641 11 0 0 0 0.000000 0 0 2396.800000 0.000000 0 0.005722 0.560000 4280 4280 1947.833333 448.966667
2701 6 1 1 0 0.000000 0 0 2355.360000 0.000000 0 0.005704 0.560000 4206 4206 1914.250000 441.110000
2701 13 0 0 0 0.000000 0 0 2810.080000 0.000000 0 0.005721 0.560000 5018 5018 2283.666667 526.413333
2701 7 0 0 0 0.000000 0 0 2892.400000 0.000000 0 0.005701 0.560000 5165 5165 2350.833333 541.566667
2701 15 0 0 0 0.000000 0 0 1900.640000 0.000000 0 0.005686 0.560000 3394 3394 1544.833333 355.806667
2701 5 0 0 0 0.000000 0 0 2024.960000 0.000000 0 0.005694 0.560000 3616 3616 1645.583333 379.376667
2701 8 0 0 0 0.000000 0 0 1859.760000 0.000000 0 0.005694 0.560000 3321 3321 1511.250000 348.510000
2701 12 0 0 0 0.000000 0 0 2685.760000 0.000000 0 0.005708 0.560000 4796 4796 2182.916667 502.843333
2701 4 0 0 0 0.000000 0 0 2313.920000 0.000000 0 0.005704 0.560000 4132 4132 1880.666667 433.253333
2701 9 0 0 0 0.000000 0 0 2396.800000 0.000000 0 0.005706 0.560000 4280 4280 1947.833333 448.966667
2701 11 0 0 0 0.000000 0 0 2396.800000 0.000000 0 0.005721 0.560000 4280 4280 1947.833333 448.966667
2701 14 0 0 0 0.000000 0 0 2231.600000 0.000000 0 0.005713 0.560000 3985 3985 1813.500000 418.100000
2701 10 0 0 0 0.000000 0 0 1446.480000 0.000000 0 0.005704 0.560000 2583 2583 1175.416667 271.063333
2761 6 1 1 0 0.000000 0 0 2355.360000 0.000000 0 0.005703 0.560000 4206 4206 1914.250000 441.110000
2761 7 1 1 0 0.000000 0 0 2892.400000 0.000000 0 0.005700 0.560000 5165 5165 2350.833333 541.566667
2761 10 1 1 0 0.000000 0 0 1446.480000 0.000000 0 0.005703 0.560000 2583 2583 1175.416667 271.063333
2761 13 1 1 0 0.000000 0 0 2810.080000 0.000000 0 0.005719 0.560000 5018 5018 2283.666667 526.413333
2761 5 0 0 0 0.000000 0 0 2024.960000 0.000000 0 0.005694 0.560000 3616 3616 1645.583333 379.376667
2761 8 0 0 0 0.000000 0 0 1859.760000 0.000000 0 0.005694 0.560000 3321 3321 1511.250000 348.510000
2761 4 0 0 0 0.000000 0 0 2313.920000 0.000000 0 0.005705 0.560000 4132 4132 1880.666667 433.253333
2761 9 0 0 0 0.000000 0 0 2396.800000 0.000000 0 0.005707 0.560000 4280 4280 1947.833333 448.966667
2761 11 0 0 0 0.000000 0 0 2396.800000 0.000000 0 0.005722 0.560000 4280 4280 1947.833333 448.966667
2761 14 0 0 0 0.000000 0 0 2231.600000 0.000000 0 0.005715 0.560000 3985 3985 1813.500000 418.100000
2761 15 0 0 0 0.000000 0 0 1900.640000 0.000000 0 0.005685 0.560000 3394 3394 1544.833333 355.806667
2761 12 0 0 0 0.000000 0 0 2685.760000 0.000000 0 0.005708 0.560000 4796 4796 2182.916667 502.843333
2821 6 1 1 0 0.000000 0 0 2355.360000 0.000000 0 0.005703 0.560000 4206 4206 1914.250000 441.110000
2821 10 1 1 0 0.000000 0 0 1446.480000 0.000000 0 0.005704 0.560000 2583 2583 1175.416667 271.063333
2821 7 1 1 0 0.000000 0 0 2892.400000 0.000000 0 0.005705 0.560000 5165 5165 2350.833333 541.566667
2821 13 0 0 0 0.000000 0 0 2810.080000 0.000000 0 0.005721 0.560000 5018 5018 2283.666667 526.413333
2821 5 0 0 0 0.000000 0 0 2024.960000 0.000000 0 0.005695 0.560000 3616 3616 1645.583333 379.376667
2821 4 0 0 0 0.000000 0 0 2313.920000 0.000000 0 0.005706 0.560000 4132 4132 1880.666667 433.253333
2821 9 0 0 0 0.000000 0 0 2396.800000 0.000000 0 0.005709 0.560000 4280 4280 1947.833333 448.966667
2821 11 0 0 0 0.000000 0 0 2396.800000 0.000000 0 0.005724 0.560000 4280 4280 1947.833333 448.966667
2821 15 0 0 0 0.000000 0 0 1900.640000 0.000000 0 0.005686 0.560000 3394 3394 1544.833333 355.806667
2821 12 0 0 0 0.000000 0 0 2685.760000 0.000000 0 0.005711 0.560000 4796 4796 2182.916667 502.843333
2821 8 0 0 0 0.000000 0 0 1859.760000 0.000000 0 0.005693 0.560000 3321 3321 1511.250000 348.510000
2821 14 0 0 0 0.000000 0 0 2231.600000 0.000000 0 0.005721 0.560000 3985 3985 1813.500000 418.100000
2881 7 1 1 0 0.000000 0 0 2892.400000 0.000000 0 0.005702 0.560000 5165 5165 2350.833333 541.566667
2881 10 1 1 0 0.000000 0 0 1446.480000 0.000000 0 0.005702 0.560000 2583 2583 1175.416667 271.063333
2881 6 0 0 0 0.000000 0 0 2355.360000 0.000000 0 0.005701 0.560000 4206 4206 1914.250000 441.110000
2881 13 0 0 0 0.000000 0 0 2810.080000 0.000000 0 0.005719 0.560000 5018 5018 2283.666667 526.413333
2881 5 0 0 0 0.000000 0 0 2024.960000 0.000000 0 0.005695 0.560000 3616 3616 1645.583333 379.376667
2881 12 0 0 0 0.000000 0 0 2685.760000 0.000000 0 0.005711 0.560000 4796 4796 2182.916667 502.843333
2881 8 0 0 0 0.000000 0 0 1859.760000 0.000000 0 0.005694 0.560000 3321 3321 1511.250000 348.510000
2881 14 0 0 0 0.000000 0 0 2231.600000 0.000000 0 0.005717 0.560000 3985 3985 1813.500000 418.100000
2881 15 0 0 0 0.000000 0 0 1900.640000 0.000000 0 0.005687 0.560000 3394 3394 1544.833333 355.806667
2881 11 0 0 0 0.000000 0 0 2396.800000 0.000000 0 0.005724 0.560000 4280 4280 1947.833333 448.966667
2881 9 0 0 0 0.000000 0 0 2396.800000 0.000000 0 0.005708 0.560000 4280 4280 1947.833333 448.966667
2881 4 0 0 0 0.000000 0 0 2313.920000 0.000000 0 0.005706 0.560000 4132 4132 1880.666667 433.253333
2941 7 0 0 0 0.000000 0 0 2892.400000 0.000000 0 0.005703 0.560000 5165 5165 2350.833333 541.566667
2941 6 0 0 0 0.000000 0 0 2355.360000 0.000000 0 0.005704 0.560000 4206 4206 1914.250000 441.110000
2941 5 0 0 0 0.000000 0 0 2024.960000 0.000000 0 0.005695 0.560000 3616 3616 1645.583333 379.376667
2941 12 0 0 0 0.000000 0 0 2685.760000 0.000000 0 0.005714 0.560000 4796 4796 2182.916667 502.843333
2941 8 0 0 0 0.000000 0 0 1859.760000 0.000000 0 0.005695 0.560000 3321 3321 1511.250000 348.510000
2941 15 0 0 0 0.000000 0 0 1900.640000 0.000000 0 0.005686 0.560000 3394 3394 1544.833333 355.806667
2941 11 0 0 0 0.000000 0 0 2396.800000 0.000000 0 0.005729 0.560000 4280 4280 1947.833333 448.966667
2941 9 0 0 0 0.000000 0 0 2396.800000 0.000000 0 0.005710 0.560000 4280 4280 1947.833333 448.966667
2941 4 0 0 0 0.000000 0 0 2313.920000 0.000000 0 0.005707 0.560000 4132 4132 1880.666667 433.253333
2941 13 0 0 0 0.000000 0 0 2810.080000 0.000000 0 0.005720 0.560000 5018 5018 2283.666667 526.413333
2941 10 0 0 0 0.000000 0 0 1446.480000 0.000000 0 0.005701 0.560000 2583 2583 1175.416667 271.063333
2941 14 0 0 0 0.000000 0 0 2231.600000 0.000000 0 0.005719 0.560000 3985 3985 1813.500000 418.100000
3001 7 0 0 0 0.000000 0 0 2892.400000 0.000000 0 0.005702 0.560000 5165 5165 2350.833333 541.566667
3001 12 0 0 0 0.000000 0 0 2685.760000 0.000000 0 0.005714 0.560000 4796 4796 2182.916667 502.843333
3001 8 0 0 0 0.000000 0 0 1859.760000 0.000000 0 0.005695 0.560000 3321 3321 1511.250000 348.510000
3001 9 0 0 0 0.000000 0 0 2396.800000 0.000000 0 0.005712 0.560000 4280 4280 1947.833333 448.966667
3001 14 0 0 0 0.000000 0 0 2231.600000 0.000000 0 0.005719 0.560000 3985 3985 1813.500000 418.100000
3001 15 0 0 0 0.000000 0 0 1900.640000 0.000000 0 0.005687 0.560000 3394 3394 1544.833333 355.806667
3001 13 0 0 0 0.000000 0 0 2810.080000 0.000000 0 0.005722 0.560000 5018 5018 2283.666667 526.413333
3001 11 0 0 0 0.000000 0 0 2396.800000 0.000000 0 0.005728 0.560000 4280 4280 1947.833333 448.966667
3001 5 0 0 0 0.000000 0 0 2024.960000 0.000000 0 0.005696 0.560000 3616 3616 1645.583333 379.376667
3001 6 0 0 0 0.000000 0 0 2355.360000 0.000000 0 0.005703 0.560000 4206 4206 1914.250000 441.110000
3001 10 0 0 0 0.000000 0 0 1446.480000 0.000000 0 0.005703 0.560000 2583 2583 1175.416667 271.063333
3001 4 0 0 0 0.000000 0 0 2313.920000 0.000000 0 0.005709 0.560000 4132 4132 1880.666667 433.253333
3061 10 1 1 0 0.000000 0 0 1446.480000 0.000000 0 0.005703 0.560000 2583 2583 1175.416667 271.063333
3061 7 0 0 0 0.000000 0 0 2892.400000 0.000000 0 0.005700 0.560000 5165 5165 2350.833333 541.566667
3061 12 0 0 0 0.000000 0 0 2685.760000 0.000000 0 0.005713 0.560000 4796 4796 2182.916667 502.843333
3061 8 0 0 0 0.000000 0 0 1859.760000 0.000000 0 0.005697 0.560000 3321 3321 1511.250000 348.510000
3061 9 0 0 0 0.000000 0 0 2396.800000 0.000000 0 0.005714 0.560000 4280 4280 1947.833333 448.966667
3061 14 0 0 0 0.000000 0 0 2231.600000 0.000000 0 0.005721 0.560000 3985 3985 1813.500000 418.100000
3061 15 0 0 0 0.000000 0 0 1900.640000 0.000000 0 0.005687 0.560000 3394 3394 1544.833333 355.806667
3061 11 0 0 0 0.000000 0 0 2396.800000 0.000000 0 0.005731 0.560000 4280 4280 1947.833333 448.966667
3061 4 0 0 0 0.000000 0 0 2313.920000 0.000000 0 0.005707 0.560000 4132 4132 1880.666667 433.253333
3061 6 0 0 0 0.000000 0 0 2355.360000 0.000000 0 0.005701 0.560000 4206 4206 1914.250000 441.110000
3061 13 0 0 0 0.000000 0 0 2810.080000 0.000000 0 0.005721 0.560000 5018 5018 2283.666667 526.413333
3061 5 0 0 0 0.000000 0 0 2024.960000 0.000000 0 0.005696 0.560000 3616 3616 1645.583333 379.376667
3121 15 1 1 0 0.000000 0 0 1900.640000 0.000000 0 0.005688 0.560000 3394 3394 1544.833333 355.806667
3121 10 0 0 0 0.000000 0 0 1446.480000 0.000000 0 0.005703 0.560000 2583 2583 1175.416667 271.063333
3121 7 0 0 0 0.000000 0 0 2892.400000 0.000000 0 0.005700 0.560000 5165 5165 2350.833333 541.566667
3121 8 0 0 0 0.000000 0 0 1859.760000 0.000000 0 0.005696 0.560000 3321 3321 1511.250000 348.510000
3121 9 0 0 0 0.000000 0 0 2396.800000 0.000000 0 0.005714 0.560000 4280 4280 1947.833333 448.966667
3121 13 0 0 0 0.000000 0 0 2810.080000 0.000000 0 0.005726 0.560000 5018 5018 2283.666667 526.413333
3121 5 0 0 0 0.000000 0 0 2024.960000 0.000000 0 0.005695 0.560000 3616 3616 1645.583333 379.376667
3121 11 0 0 0 0.000000 0 0 2396.800000 0.000000 0 0.005728 0.560000 4280 4280 1947.833333 448.966667
3121 6 0 0 0 0.000000 0 0 2355.360000 0.000000 0 0.005700 0.560000 4206 4206 1914.250000 441.110000
3121 14 0 0 0 0.000000 0 0 2231.600000 0.000000 0 0.005721 0.560000 3985 3985 1813.500000 418.100000
3121 12 0 0 0 0.000000 0 0 2685.760000 0.000000 0 0.005715 0.560000 4796 4796 2182.916667 502.843333
3121 4 0 0 0 0.000000 0 0 2313.920000 0.000000 0 0.005710 0.560000 4132 4132 1880.666667 433.253333
3181 12 1 1 0 0.000000 0 0 2685.760000 0.000000 0 0.005717 0.560000 4796 4796 2182.916667 502.843333
3181 4 1 1 0 0.000000 0 0 2313.920000 0.000000 0 0.005710 0.560000 4132 4132 1880.666667 433.253333
3181 15 0 0 0 0.000000 0 0 1900.640000 0.000000 0 0.005689 0.560000 3394 3394 1544.833333 355.806667
3181 10 0 0 0 0.000000 0 0 1446.480000 0.000000 0 0.005702 0.560000 2583 2583 1175.416667 271.063333
3181 7 0 0 0 0.000000 0 0 2892.400000 0.000000 0 0.005701 0.560000 5165 5165 2350.833333 541.566667
3181 8 0 0 0 0.000000 0 0 1859.760000 0.000000 0 0.005697 0.560000 3321 3321 1511.250000 348.510000
3181 13 0 0 0 0.000000 0 0 2810.080000 0.000000 0 0.005724 0.560000 5018 5018 2283.666667 526.413333
3181 5 0 0 0 0.000000 0 0 2024.960000 0.000000 0 0.005697 0.560000 3616 3616 1645.583333 379.376667
3181 6 0 0 0 0.000000 0 0 2355.360000 0.000000 0 0.005703 0.560000 4206 4206 1914.250000 441.110000
3181 14 0 0 0 0.000000 0 0 2231.600000 0.000000 0 0.005723 0.560000 3985 3985 1813.500000 418.100000
3181 11 0 0 0 0.000000 0 0 2396.800000 0.000000 0 0.005730 0.560000 4280 4280 1947.833333 448.966667
3181 9 0 0 0 0.000000 0 0 2396.800000 0.000000 0 0.005713 0.560000 4280 4280 1947.833333 448.966667
3241 10 1 1 0 0.000000 0 0 1446.480000 0.000000 0 0.005700 0.560000 2583 2583 1175.416667 271.063333
3241 12 0 0 0 0.000000 0 0 2685.760000 0.000000 0 0.005719 0.560000 4796 4796 2182.916667 502.843333
3241 4 0 0 0 0.000000 0 0 2313.920000 0.000000 0 0.005709 0.560000 4132 4132 1880.666667 433.253333
3241 7 0 0 0 0.000000 0 0 2892.400000 0.000000 0 0.005700 0.560000 5165 5165 2350.833333 541.566667
3241 8 0 0 0 0.000000 0 0 1859.760000 0.000000 0 0.005697 0.560000 3321 3321 1511.250000 348.510000
3241 13 0 0 0 0.000000 0 0 2810.080000 0.000000 0 0.005728 0.560000 5018 5018 2283.666667 526.413333
3241 5 0 0 0 0.000000 0 0 2024.960000 0.000000 0 0.005697 0.560000 3616 3616 1645.583333 379.376667
3241 6 0 0 0 0.000000 0 0 2355.360000 0.000000 0 0.005704 0.560000 4206 4206 1914.250000 441.110000
3241 14 0 0 0 0.000000 0 0 2231.600000 0.000000 0 0.005722 0.560000 3985 3985 1813.500000 418.100000
3241 11 0 0 0 0.000000 0 0 2396.800000 0.000000 0 0.005734 0.560000 4280 4280 1947.833333 448.966667
3241 9 0 0 0 0.000000 0 0 2396.800000 0.000000 0 0.005712 0.560000 4280 4280 1947.833333 448.966667
3241 15 0 0 0 0.000000 0 0 1900.640000 0.000000 0 0.005688 0.560000 3394 3394 1544.833333 355.806667
3301 10 1 1 0 0.000000 0 0 1446.480000 0.000000 0 0.005700 0.560000 2583 2583 1175.416667 271.063333
3301 4 1 1 0 0.000000 0 0 2313.920000 0.000000 0 0.005708 0.560000 4132 4132 1880.666667 433.253333
3301 12 0 0 0 0.000000 0 0 2685.760000 0.000000 0 0.005716 0.560000 4796 4796 2182.916667 502.843333
3301 7 0 0 0 0.000000 0 0 2892.400000 0.000000 0 0.005700 0.560000 5165 5165 2350.833333 541.566667
3301 5 0 0 0 0.000000 0 0 2024.960000 0.000000 0 0.005698 0.560000 3616 3616 1645.583333 379.376667
3301 14 0 0 0 0.000000 0 0 2231.600000 0.000000 0 0.005726 0.560000 3985 3985 1813.500000 418.100000
3301 9 0 0 0 0.000000 0 0 2396.800000 0.000000 0 0.005713 0.560000 4280 4280 1947.833333 448.966667
3301 15 0 0 0 0.000000 0 0 1900.640000 0.000000 0 0.005688 0.560000 3394 3394 1544.833333 355.806667
3301 8 0 0 0 0.000000 0 0 1859.760000 0.000000 0 0.005697 0.560000 3321 3321 1511.250000 348.510000
3301 11 0 0 0 0.000000 0 0 2396.800000 0.000000 0 0.005734 0.560000 4280 4280 1947.833333 448.966667
3301 6 0 0 0 0.000000 0 0 2355.360000 0.000000 0 0.005703 0.560000 4206 4206 1914.250000 441.110000
3301 13 0 0 0 0.000000 0 0 2810.080000 0.000000 0 0.005728 0.560000 5018 5018 2283.666667 526.413333
3361 8 1 1 0 0.000000 0 0 1859.760000 0.000000 0 0.005696 0.560000 3321 3321 1511.250000 348.510000
3361 10 0 0 0 0.000000 0 0 1446.480000 0.000000 0 0.005703 0.560000 2583 2583 1175.416667 271.063333
3361 4 0 0 0 0.000000 0 0 2313.920000 0.000000 0 0.005710 0.560000 4132 4132 1880.666667 433.253333
3361 12 0 0 0 0.000000 0 0 2685.760000 0.000000 0 0.005720 0.560000 4796 4796 2182.916667 502.843333
3361 7 0 0 0 0.000000 0 0 2892.400000 0.000000 0 0.005700 0.560000 5165 5165 2350.833333 541.566667
3361 5 0 0 0 0.000000 0 0 2024.960000 0.000000 0 0.005698 0.560000 3616 3616 1645.583333 379.376667
3361 15 0 0 0 0.000000 0 0 1900.640000 0.000000 0 0.005690 0.560000 3394 3394 1544.833333 355.806667
3361 13 0 0 0 0.000000 0 0 2810.080000 0.000000 0 0.005730 0.560000 5018 5018 2283.666667 526.413333
3361 6 0 0 0 0.000000 0 0 2355.360000 0.000000 0 0.005701 0.560000 4206 4206 1914.250000 441.110000
3361 9 0 0 0 0.000000 0 0 2396.800000 0.000000 0 0.005712 0.560000 4280 4280 1947.833333 448.966667
3361 11 0 0 0 0.000000 0 0 2396.800000 0.000000 0 0.005736 0.560000 4280 4280 1947.833333 448.966667
3361 14 0 0 0 0.000000 0 0 2231.600000 0.000000 0 0.005724 0.560000 3985 3985 1813.500000 418.100000
3421 8 1 1 0 0.000000 0 0 1859.760000 0.000000 0 0.005695 0.560000 3321 3321 1511.250000 348.510000
3421 10 1 1 0 0.000000 0 0 1446.480000 0.000000 0 0.005700 0.560000 2583 2583 1175.416667 271.063333
3421 4 0 0 0 0.000000 0 0 2313.920000 0.000000 0 0.005707 0.560000 4132 4132 1880.666667 433.253333
3421 12 0 0 0 0.000000 0 0 2685.760000 0.000000 0 0.005717 0.560000 4796 4796 2182.916667 502.843333
3421 7 0 0 0 0.000000 0 0 2892.400000 0.000000 0 0.005699 0.560000 5165 5165 2350.833333 541.566667
3421 5 0 0 0 0.000000 0 0 2024.960000 0.000000 0 0.005697 0.560000 3616 3616 1645.583333 379.376667
3421 15 0 0 0 0.000000 0 0 1900.640000 0.000000 0 0.005690 0.560000 3394 3394 1544.833333 355.806667
3421 6 0 0 0 0.000000 0 0 2355.360000 0.000000 0 0.005703 0.560000 4206 4206 1914.250000 441.110000
3421 11 0 0 0 0.000000 0 0 2396.800000 0.000000 0 0.005738 0.560000 4280 4280 1947.833333 448.966667
3421 14 0 0 0 0.000000 0 0 2231.600000 0.000000 0 0.005722 0.560000 3985 3985 1813.500000 418.100000
3421 9 0 0 0 0.000000 0 0 2396.800000 0.000000 0 0.005711 0.560000 4280 4280 1947.833333 448.966667
3421 13 0 0 0 0.000000 0 0 2810.080000 0.000000 0 0.005727 0.560000 5018 5018 2283.666667 526.413333
3481 12 1 1 0 0.000000 0 0 2685.760000 0.000000 0 0.005718 0.560000 4796 4796 2182.916667 502.843333
3481 8 0 0 0 0.000000 0 0 1859.760000 0.000000 0 0.005694 0.560000 3321 3321 1511.250000 348.510000
3481 10 0 0 0 0.000000 0 0 1446.480000 0.000000 0 0.005699 0.560000 2583 2583 1175.416667 271.063333
3481 4 0 0 0 0.000000 0 0 2313.920000 0.000000 0 0.005705 0.560000 4132 4132 1880.666667 433.253333
3481 7 0 0 0 0.000000 0 0 2892.400000 0.000000 0 0.005701 0.560000 5165 5165 2350.833333 541.566667
3481 5 0 0 0 0.000000 0 0 2024.960000 0.000000 0 0.005698 0.560000 3616 3616 1645.583333 379.376667
3481 6 0 0 0 0.000000 0 0 2355.360000 0.000000 0 0.005705 0.560000 4206 4206 1914.250000 441.110000
3481 14 0 0 0 0.000000 0 0 2231.600000 0.000000 0 0.005725 0.560000 3985 3985 1813.500000 418.100000
3481 13 0 0 0 0.000000 0 0 2810.080000 0.000000 0 0.005730 0.560000 5018 5018 2283.666667 526.413333
3481 15 0 0 0 0.000000 0 0 1900.640000 0.000000 0 0.005691 0.560000 3394 3394 1544.833333 355.806667
3481 11 0 0 0 0.000000 0 0 2396.800000 0.000000 0 0.005738 0.560000 4280 4280 1947.833333 448.966667
3481 9 0 0 0 0.000000 0 0 2396.800000 0.000000 0 0.005716 0.560000 4280 4280 1947.833333 448.966667
3541 4 1 1 0 0.000000 0 0 2313.920000 0.000000 0 0.005705 0.560000 4132 4132 1880.666667 433.253333
3541 12 0 0 0 0.000000 0 0 2685.760000 0.000000 0 0.005718 0.560000 4796 4796 2182.916667 502.843333
3541 8 0 0 0 0.000000 0 0 1859.760000 0.000000 0 0.005696 0.560000 3321 3321 1511.250000 348.510000
3541 7 0 0 0 0.000000 0 0 2892.400000 0.000000 0 0.005703 0.560000 5165 5165 2350.833333 541.566667
3541 6 0 0 0 0.000000 0 0 2355.360000 0.000000 0 0.005706 0.560000 4206 4206 1914.250000 441.110000
3541 14 0 0 0 0.000000 0 0 2231.600000 0.000000 0 0.005725 0.560000 3985 3985 1813.500000 418.100000
3541 15 0 0 0 0.000000 0 0 1900.640000 0.000000 0 0.005692 0.560000 3394 3394 1544.833333 355.806667
3541 11 0 0 0 0.000000 0 0 2396.800000 0.000000 0 0.005737 0.560000 4280 4280 1947.833333 448.966667
3541 5 0 0 0 0.000000 0 0 2024.960000 0.000000 0 0.005699 0.560000 3616 3616 1645.583333 379.376667
3541 10 0 0 0 0.000000 0 0 1446.480000 0.000000 0 0.005698 0.560000 2583 2583 1175.416667 271.063333
3541 13 0 0 0 0.000000 0 0 2810.080000 0.000000 0 0.005729 0.560000 5018 5018 2283.666667 526.413333
3541 9 0 0 0 0.000000 0 0 2396.800000 0.000000 0 0.005720 0.560000 4280 4280 1947.833333 448.966667
