IT_NO ID ISCONSTRUCTOR NO_EMPLOYEES EMPLOYEES_NEEDED INVENTORY PRODUCTION_PLAN
1 15 0 46 46 92000 46000
1 14 0 54 54 108000 54000
1 13 0 68 68 136000 68000
1 12 0 65 65 130000 65000
1 11 0 58 58 116000 58000
1 10 0 35 35 70000 35000
1 9 0 58 58 116000 58000
1 8 0 45 45 90000 45000
1 7 0 70 70 140000 70000
1 6 0 57 57 114000 57000
1 5 0 49 49 98000 49000
1 4 0 56 56 112000 56000
1 1 1 20 27 2 19
1 2 1 20 20 2 14
1 3 1 20 27 2 19
21 15 0 46 51 51685 50031
21 14 0 54 60 55543 59245
21 13 0 68 71 114699 70130
21 12 0 65 69 97420 68258
21 11 0 58 62 76948 61905
21 10 0 35 39 35000 38500
21 9 0 58 61 86751 60924
21 8 0 45 50 45000 49500
21 7 0 70 72 122408 71759
21 6 0 57 61 78155 60584
21 5 0 49 54 53804 53419
21 4 0 56 60 72599 59940
21 2 1 20 22 3 16
21 1 1 20 21 4 15
21 3 1 20 24 2 17
41 4 0 56 56 74154 55844
41 5 0 49 49 59880 48392
41 6 0 57 57 79364 56879
41 7 0 70 75 79732 74267
41 8 0 45 44 56909 43809
41 9 0 58 60 75013 59173
41 10 0 35 35 40069 34493
41 11 0 58 58 77621 57932
41 12 0 65 67 86674 66074
41 13 0 68 69 109157 68554
41 14 0 54 53 73329 52221
41 15 0 46 46 58038 45364
41 2 1 20 21 5 15
41 1 1 20 22 6 16
41 3 1 20 27 3 19
61 13 0 68 69 99157 69000
61 12 0 65 65 95882 64079
61 9 0 58 58 83216 57179
61 7 0 70 66 114353 65640
61 4 0 56 56 77972 55618
61 5 0 49 49 61720 48816
61 6 0 57 58 78021 57134
61 10 0 35 36 37537 35253
61 11 0 58 58 85781 57184
61 15 0 46 46 59806 45823
61 8 0 44 44 56908 44000
61 14 0 53 53 74587 52874
61 3 1 20 8 5 6
61 1 1 20 17 8 12
61 2 1 20 12 7 9
81 10 0 35 34 47634 33990
81 6 0 57 57 85097 56292
81 13 0 68 67 113185 66597
81 12 0 65 64 106893 63898
81 9 0 58 58 87008 57620
81 4 0 56 56 79532 55844
81 5 0 49 49 66096 48562
81 11 0 58 58 88299 57748
81 15 0 46 47 58731 46107
81 8 0 44 44 59447 43746
81 14 0 53 53 81845 52274
81 7 0 66 67 106961 66739
81 2 1 12 28 8 20
81 1 1 17 18 9 13
81 3 1 8 11 6 8
101 7 0 66 67 103497 66346
101 15 0 46 46 64304 45442
101 6 0 57 57 87429 56766
101 9 0 58 58 93293 57371
101 4 0 56 55 91200 54833
101 5 0 49 48 78685 47741
101 11 0 58 59 84161 58413
101 8 0 44 45 56537 44291
101 14 0 53 54 73649 53819
101 10 0 34 36 34460 35317
101 13 0 67 68 111873 67131
101 12 0 64 65 103796 64309
101 2 1 12 27 9 19
101 1 1 17 18 10 13
101 3 1 8 18 6 13
121 10 0 34 33 49391 32506
121 8 0 44 45 55420 44111
121 2 1 12 27 10 19
121 1 1 17 20 11 14
121 3 1 8 12 7 9
121 12 0 64 1 1000 64309
121 13 0 67 1 1000 67131
121 14 0 53 1 1000 53819
121 11 0 58 1 1000 58413
121 7 0 66 1 1000 66346
121 15 0 46 1 1000 45442
121 6 0 57 1 1000 56766
121 9 0 58 1 1000 57371
121 4 0 55 1 1000 54833
121 5 0 48 1 1000 47741
141 8 0 44 46 44000 45142
141 10 0 33 35 33000 34639
141 12 0 1 1 1000 1000
141 13 0 1 1 1000 1000
141 14 0 1 1 1000 1000
141 11 0 1 1 1000 1000
141 7 0 1 1 1000 1000
141 15 0 1 1 1000 1000
141 6 0 1 1 1000 1000
141 9 0 1 1 1000 1000
141 4 0 1 1 1000 1000
141 5 0 1 1 1000 1000
141 2 1 12 20 11 14
141 1 1 17 21 11 15
141 3 1 8 22 7 16
161 10 0 33 33 33000 33000
161 8 0 44 44 44000 44000
161 12 0 1 1 1000 1000
161 13 0 1 1 1000 1000
161 14 0 1 1 1000 1000
161 11 0 1 1 1000 1000
161 7 0 1 1 1000 1000
161 15 0 1 1 1000 1000
161 6 0 1 1 1000 1000
161 9 0 1 1 1000 1000
161 4 0 1 1 1000 1000
161 5 0 1 1 1000 1000
161 2 1 12 20 11 14
161 1 1 17 22 12 16
161 3 1 8 25 8 18
181 10 0 33 33 33000 33000
181 8 0 44 44 44000 44000
181 12 0 1 1 1000 1000
181 13 0 1 1 1000 1000
181 14 0 1 1 1000 1000
181 11 0 1 1 1000 1000
181 7 0 1 1 1000 1000
181 15 0 1 1 1000 1000
181 6 0 1 1 1000 1000
181 9 0 1 1 1000 1000
181 4 0 1 1 1000 1000
181 5 0 1 1 1000 1000
181 2 1 12 25 12 18
181 1 1 17 27 13 19
181 3 1 8 27 8 19
201 10 0 33 33 33000 33000
201 8 0 44 44 44000 44000
201 12 0 1 1 1000 1000
201 13 0 1 1 1000 1000
201 14 0 1 1 1000 1000
201 11 0 1 1 1000 1000
201 7 0 1 1 1000 1000
201 15 0 1 1 1000 1000
201 6 0 1 1 1000 1000
201 9 0 1 1 1000 1000
201 4 0 1 1 1000 1000
201 5 0 1 1 1000 1000
201 2 1 12 22 13 16
201 1 1 17 25 14 18
201 3 1 8 18 9 13
221 10 0 33 33 33000 33000
221 8 0 44 44 44000 44000
221 12 0 1 1 1000 1000
221 13 0 1 1 1000 1000
221 14 0 1 1 1000 1000
221 11 0 1 1 1000 1000
221 7 0 1 1 1000 1000
221 15 0 1 1 1000 1000
221 6 0 1 1 1000 1000
221 9 0 1 1 1000 1000
221 4 0 1 1 1000 1000
221 5 0 1 1 1000 1000
221 2 1 12 27 14 19
221 1 1 17 18 15 13
221 3 1 8 14 9 10
241 10 0 33 33 33000 33000
241 8 0 44 44 44000 44000
241 12 0 1 1 1000 1000
241 13 0 1 1 1000 1000
241 14 0 1 1 1000 1000
241 11 0 1 1 1000 1000
241 7 0 1 1 1000 1000
241 15 0 1 1 1000 1000
241 6 0 1 1 1000 1000
241 9 0 1 1 1000 1000
241 4 0 1 1 1000 1000
241 5 0 1 1 1000 1000
241 2 1 12 24 15 17
241 1 1 17 17 16 12
241 3 1 8 15 10 11
261 10 0 33 33 33000 33000
261 8 0 44 44 44000 44000
261 12 0 1 1 1000 1000
261 13 0 1 1 1000 1000
261 14 0 1 1 1000 1000
261 11 0 1 1 1000 1000
261 7 0 1 1 1000 1000
261 15 0 1 1 1000 1000
261 6 0 1 1 1000 1000
261 9 0 1 1 1000 1000
261 4 0 1 1 1000 1000
261 5 0 1 1 1000 1000
261 1 1 17 22 17 16
261 2 1 12 18 15 13
261 3 1 8 10 11 7
281 10 0 33 33 33000 33000
281 8 0 44 44 44000 44000
281 12 0 1 1 1000 1000
281 13 0 1 1 1000 1000
281 14 0 1 1 1000 1000
281 11 0 1 1 1000 1000
281 7 0 1 1 1000 1000
281 15 0 1 1 1000 1000
281 6 0 1 1 1000 1000
281 9 0 1 1 1000 1000
281 4 0 1 1 1000 1000
281 5 0 1 1 1000 1000
281 1 1 17 22 18 16
281 2 1 12 15 16 11
281 3 1 8 8 11 6
301 10 0 33 33 33000 33000
301 8 0 44 44 44000 44000
301 12 0 1 1 1000 1000
301 13 0 1 1 1000 1000
301 14 0 1 1 1000 1000
301 11 0 1 1 1000 1000
301 7 0 1 1 1000 1000
301 15 0 1 1 1000 1000
301 6 0 1 1 1000 1000
301 9 0 1 1 1000 1000
301 4 0 1 1 1000 1000
301 5 0 1 1 1000 1000
301 3 1 8 24 11 17
301 1 1 17 17 19 12
301 2 1 12 27 16 19
321 10 0 33 33 33000 33000
321 8 0 44 44 44000 44000
321 12 0 1 1 1000 1000
321 13 0 1 1 1000 1000
321 14 0 1 1 1000 1000
321 11 0 1 1 1000 1000
321 7 0 1 1 1000 1000
321 15 0 1 1 1000 1000
321 6 0 1 1 1000 1000
321 9 0 1 1 1000 1000
321 4 0 1 1 1000 1000
321 5 0 1 1 1000 1000
321 1 1 17 28 20 20
321 3 1 8 20 12 14
321 2 1 12 28 17 20
341 10 0 33 33 33000 33000
341 8 0 44 44 44000 44000
341 12 0 1 1 1000 1000
341 13 0 1 1 1000 1000
341 14 0 1 1 1000 1000
341 11 0 1 1 1000 1000
341 7 0 1 1 1000 1000
341 15 0 1 1 1000 1000
341 6 0 1 1 1000 1000
341 9 0 1 1 1000 1000
341 4 0 1 1 1000 1000
341 5 0 1 1 1000 1000
341 1 1 17 28 21 20
341 3 1 8 28 12 20
341 2 1 12 22 17 16
361 10 0 33 33 33000 33000
361 8 0 44 44 44000 44000
361 12 0 1 1 1000 1000
361 13 0 1 1 1000 1000
361 14 0 1 1 1000 1000
361 11 0 1 1 1000 1000
361 7 0 1 1 1000 1000
361 15 0 1 1 1000 1000
361 6 0 1 1 1000 1000
361 9 0 1 1 1000 1000
361 4 0 1 1 1000 1000
361 5 0 1 1 1000 1000
361 1 1 17 22 22 16
361 3 1 8 14 12 10
361 2 1 12 22 18 16
381 10 0 33 33 42270 32073
381 8 0 44 43 58631 42536
381 12 0 1 1 1823 900
381 13 0 1 1 1758 900
381 14 0 1 1 1715 900
381 11 0 1 1 1735 900
381 7 0 1 1 1881 900
381 15 0 1 1 1487 951
381 6 0 1 1 1813 900
381 9 0 1 1 1790 900
381 4 0 1 1 1741 900
381 5 0 1 1 1708 900
381 1 1 17 15 23 11
381 3 1 8 22 13 16
381 2 1 12 18 19 13
401 10 0 33 33 47236 32503
401 12 0 1 1 2275 900
401 13 0 1 1 2423 900
401 14 0 1 1 2202 900
401 11 0 1 1 2225 900
401 7 0 1 1 2444 900
401 15 0 1 1 1948 913
401 6 0 1 1 2243 900
401 9 0 1 1 2057 940
401 4 0 1 1 2192 900
401 5 0 1 1 1796 991
401 8 0 43 42 68658 41997
401 1 1 15 21 24 15
401 3 1 8 22 13 16
401 2 1 12 15 19 11
421 10 0 33 33 51933 32530
421 12 0 1 1 2644 900
421 13 0 1 1 2668 900
421 14 0 1 1 2310 947
421 11 0 1 1 2581 900
421 7 0 1 1 2732 900
421 15 0 1 1 2032 980
421 6 0 1 1 2550 900
421 9 0 1 1 2429 900
421 4 0 1 1 2288 952
421 5 0 1 1 2052 943
421 8 0 42 42 73987 41467
421 1 1 15 21 25 15
421 3 1 8 27 13 19
421 2 1 12 28 20 20
441 10 0 33 30 72010 29700
441 12 0 1 1 3448 900
441 13 0 1 1 3487 900
441 14 0 1 1 3119 900
441 11 0 1 1 3349 900
441 7 0 1 1 3617 900
441 15 0 1 1 2791 900
441 6 0 1 1 3334 900
441 9 0 1 1 3234 900
441 4 0 1 1 3078 900
441 5 0 1 1 2853 900
441 8 0 42 38 100085 37800
441 1 1 15 18 26 13
441 3 1 8 11 14 8
441 2 1 12 15 21 11
461 12 0 1 1 4280 900
461 13 0 1 1 4361 900
461 14 0 1 1 3885 900
461 11 0 1 1 4094 900
461 7 0 1 1 4427 900
461 15 0 1 1 3402 900
461 6 0 1 1 4126 900
461 9 0 1 1 4011 900
461 4 0 1 1 3878 900
461 5 0 1 1 3631 900
461 10 0 30 27 88144 27000
461 8 0 38 35 119986 34200
461 1 1 15 28 27 20
461 3 1 8 21 14 15
461 2 1 12 28 22 20
481 12 0 1 1 5022 900
481 13 0 1 1 5085 900
481 14 0 1 1 4652 900
481 11 0 1 1 4765 900
481 7 0 1 1 5249 900
481 15 0 1 1 4040 900
481 6 0 1 1 4904 900
481 9 0 1 1 4763 900
481 4 0 1 1 4605 900
481 5 0 1 1 4361 900
481 10 0 27 25 95759 24300
481 8 0 35 32 132348 31500
481 1 1 15 12 28 9
481 2 1 12 22 23 16
481 3 1 8 1 0 15
501 12 0 1 1 5885 900
501 13 0 1 1 5940 900
501 14 0 1 1 5493 900
501 11 0 1 1 5602 900
501 7 0 1 1 6110 900
501 15 0 1 1 4860 900
501 6 0 1 1 5668 900
501 9 0 1 1 5612 900
501 4 0 1 1 5458 900
501 5 0 1 1 5122 900
501 10 0 25 23 108086 22500
501 8 0 32 29 149199 28800
501 3 1 1 20 0 14
501 1 1 12 27 29 19
501 2 1 12 15 23 11
521 12 0 1 1 6686 900
521 13 0 1 1 6744 900
521 14 0 1 1 6173 900
521 11 0 1 1 6384 900
521 7 0 1 1 6969 900
521 15 0 1 1 5527 900
521 6 0 1 1 6432 900
521 9 0 1 1 6326 900
521 4 0 1 1 6194 900
521 5 0 1 1 5856 900
521 10 0 23 21 116995 20700
521 8 0 29 27 162393 26100
521 3 1 1 12 0 9
521 1 1 12 20 30 14
521 2 1 12 12 24 9
541 12 0 1 1 7439 900
541 13 0 1 1 7566 900
541 14 0 1 1 6884 900
541 11 0 1 1 7125 900
541 7 0 1 1 7700 900
541 15 0 1 1 6176 900
541 6 0 1 1 7060 900
541 9 0 1 1 7024 900
541 4 0 1 1 6957 900
541 5 0 1 1 6560 900
541 10 0 21 19 122905 18900
541 8 0 27 25 170370 24300
541 1 1 12 18 31 13
541 2 1 12 24 24 17
541 3 1 1 20 0 14
561 12 0 1 1 8172 900
561 13 0 1 1 8349 900
561 14 0 1 1 7655 900
561 11 0 1 1 7779 900
561 7 0 1 1 8469 900
561 15 0 1 1 6885 900
561 6 0 1 1 7796 900
561 9 0 1 1 7801 900
561 4 0 1 1 7631 900
561 5 0 1 1 7209 900
561 10 0 19 18 128426 17100
561 8 0 25 23 179522 22500
561 1 1 12 10 32 7
561 2 1 12 20 25 14
561 3 1 1 28 0 20
581 12 0 1 1 8887 900
581 13 0 1 1 9081 900
581 14 0 1 1 8285 900
581 11 0 1 1 8456 900
581 7 0 1 1 9207 900
581 15 0 1 1 7406 900
581 6 0 1 1 8548 900
581 9 0 1 1 8560 900
581 4 0 1 1 8269 900
581 5 0 1 1 7810 900
581 10 0 18 17 132500 16200
581 8 0 23 21 185278 20700
581 1 1 10 20 32 14
581 2 1 12 11 25 8
581 3 1 1 25 0 18
601 12 0 1 1 9572 900
601 13 0 1 1 9796 900
601 14 0 1 1 8787 900
601 11 0 1 1 9008 900
601 7 0 1 1 9921 900
601 15 0 1 1 7839 900
601 6 0 1 1 9247 900
601 9 0 1 1 9067 900
601 4 0 1 1 8823 900
601 5 0 1 1 8328 900
601 10 0 17 16 135699 15300
601 8 0 21 19 189786 18900
601 1 1 10 22 33 16
601 2 1 11 28 26 20
601 3 1 1 1 0 18
621 12 0 1 1 9878 900
621 13 0 1 1 10312 900
621 14 0 1 1 9015 900
621 11 0 1 1 9440 900
621 7 0 1 1 10465 900
621 15 0 1 1 8071 900
621 6 0 1 1 9471 900
621 9 0 1 1 9524 900
621 4 0 1 1 9257 900
621 5 0 1 1 8396 900
621 10 0 16 15 132269 14400
621 8 0 19 18 184911 17100
621 3 1 1 12 0 9
621 1 1 10 27 33 19
621 2 1 11 28 27 20
641 12 0 1 1 10296 900
641 13 0 1 1 10802 900
641 14 0 1 1 9291 900
641 11 0 1 1 9801 900
641 7 0 1 1 10930 900
641 15 0 1 1 8317 900
641 6 0 1 1 9570 900
641 9 0 1 1 9702 900
641 4 0 1 1 9459 900
641 5 0 1 1 8514 900
641 10 0 15 14 129302 13500
641 8 0 18 17 178340 16200
641 3 1 1 25 0 18
641 1 1 10 21 34 15
641 2 1 11 24 27 17
661 12 0 1 1 10653 900
661 13 0 1 1 10951 900
661 14 0 1 1 9468 900
661 11 0 1 1 10043 900
661 7 0 1 1 11319 900
661 15 0 1 1 8236 900
661 6 0 1 1 9798 900
661 9 0 1 1 9894 900
661 4 0 1 1 9807 900
661 5 0 1 1 8758 900
661 2 1 11 28 28 20
661 1 1 10 24 35 17
661 3 1 1 8 0 6
661 10 0 14 1 1000 13500
661 8 0 17 1 1000 16200
681 12 0 1 2 1000 1965
681 13 0 1 2 1000 1995
681 14 0 1 2 1000 1846
681 11 0 1 2 1000 1904
681 7 0 1 3 1000 2031
681 15 0 1 2 1000 1723
681 6 0 1 2 1000 1879
681 9 0 1 2 1000 1889
681 4 0 1 2 1000 1880
681 5 0 1 2 1000 1775
681 10 0 1 1 1000 1000
681 8 0 1 1 1000 1000
681 2 1 11 18 29 13
681 1 1 10 10 36 7
681 3 1 1 22 0 16
701 5 0 1 1 1000 1000
701 4 0 1 1 1000 1000
701 9 0 1 1 1000 1000
701 6 0 1 1 1000 1000
701 15 0 1 1 1000 1000
701 7 0 1 1 1000 1000
701 11 0 1 1 1000 1000
701 14 0 1 1 1000 1000
701 13 0 1 1 1000 1000
701 12 0 1 1 1000 1000
701 10 0 1 1 1000 1000
701 8 0 1 1 1000 1000
701 1 1 10 12 36 9
701 2 1 11 11 30 8
701 3 1 1 25 0 18
721 15 0 1 1 1000 1000
721 10 0 1 1 1000 1000
721 8 0 1 1 1000 1000
721 1 1 10 12 37 9
721 2 1 11 15 31 11
721 3 1 1 15 0 11
721 5 0 1 1 1000 1000
721 4 0 1 1 1000 1000
721 9 0 1 1 1000 1000
721 6 0 1 1 1000 1000
721 11 0 1 1 1000 1000
721 14 0 1 1 1000 1000
721 12 0 1 1 1000 1000
721 13 0 1 1 1000 1000
721 7 0 1 1 1000 1000
741 15 0 1 1 1000 1000
741 10 0 1 1 1000 1000
741 8 0 1 1 1000 1000
741 5 0 1 1 1000 1000
741 4 0 1 1 1000 1000
741 9 0 1 1 1000 1000
741 6 0 1 1 1000 1000
741 11 0 1 1 1000 1000
741 14 0 1 1 1000 1000
741 12 0 1 1 1000 1000
741 13 0 1 1 1000 1000
741 7 0 1 1 1000 1000
741 1 1 10 10 37 7
741 2 1 11 10 31 7
741 3 1 1 17 0 12
761 15 0 1 1 1000 1000
761 10 0 1 1 1000 1000
761 8 0 1 1 1000 1000
761 5 0 1 1 1000 1000
761 4 0 1 1 1280 972
761 9 0 1 1 1337 966
761 6 0 1 1 1455 954
761 11 0 1 1 1371 962
761 14 0 1 1 1179 982
761 12 0 1 1 1458 954
761 13 0 1 1 1590 923
761 7 0 1 1 1557 932
761 2 1 10 15 32 11
761 1 1 10 24 38 17
761 3 1 1 7 0 5
781 15 0 1 1 1105 989
781 10 0 1 1 1000 1000
781 8 0 1 1 1207 979
781 5 0 1 1 1278 972
781 4 0 1 1 1457 982
781 9 0 1 1 1410 992
781 6 0 1 2 1073 1038
781 11 0 1 1 1474 989
781 14 0 1 1 1412 976
781 12 0 1 1 1672 978
781 13 0 1 2 1555 1003
781 7 0 1 1 1676 988
781 1 1 10 20 39 14
781 2 1 10 15 32 11
781 3 1 1 5 0 4
801 13 0 1 1 2442 900
801 6 0 1 1 2043 900
801 15 0 1 1 1889 900
801 10 0 1 1 1639 908
801 8 0 1 1 1911 900
801 5 0 1 1 1965 900
801 4 0 1 1 2207 900
801 9 0 1 1 2209 900
801 11 0 1 1 2209 900
801 14 0 1 1 2104 900
801 12 0 1 1 2376 900
801 7 0 1 1 2511 900
801 1 1 10 17 39 12
801 2 1 10 10 32 7
801 3 1 1 22 0 16
821 13 0 1 1 3193 900
821 6 0 1 1 2808 900
821 15 0 1 1 2419 900
821 10 0 1 1 1910 954
821 8 0 1 1 2398 900
821 5 0 1 1 2629 900
821 4 0 1 1 2865 900
821 9 0 1 1 2927 900
821 11 0 1 1 2889 900
821 14 0 1 1 2717 900
821 12 0 1 1 3066 900
821 7 0 1 1 3206 900
821 2 1 10 28 33 20
821 1 1 10 25 39 18
821 3 1 1 27 0 19
841 13 0 1 1 3811 900
841 6 0 1 1 3377 900
841 15 0 1 1 2872 900
841 10 0 1 1 2285 900
841 8 0 1 1 2814 900
841 5 0 1 1 3107 900
841 4 0 1 1 3319 900
841 9 0 1 1 3363 900
841 11 0 1 1 3450 900
841 14 0 1 1 3234 900
841 12 0 1 1 3677 900
841 7 0 1 1 3875 900
841 1 1 10 12 40 9
841 2 1 10 22 33 16
841 3 1 1 1 0 19
861 13 0 1 1 4544 900
861 6 0 1 1 4096 900
861 15 0 1 1 3519 900
861 10 0 1 1 2835 900
861 8 0 1 1 3473 900
861 5 0 1 1 3754 900
861 4 0 1 1 4060 900
861 9 0 1 1 4104 900
861 11 0 1 1 4143 900
861 14 0 1 1 3961 900
861 12 0 1 1 4409 900
861 7 0 1 1 4694 900
861 3 1 1 27 0 19
861 1 1 10 24 40 17
861 2 1 10 17 34 12
881 13 0 1 1 5240 900
881 6 0 1 1 4772 900
881 15 0 1 1 4109 900
881 10 0 1 1 3261 900
881 8 0 1 1 4013 900
881 5 0 1 1 4415 900
881 4 0 1 1 4721 900
881 9 0 1 1 4753 900
881 11 0 1 1 4839 900
881 14 0 1 1 4544 900
881 12 0 1 1 5103 900
881 7 0 1 1 5392 900
881 3 1 1 18 0 13
881 1 1 10 11 41 8
881 2 1 10 14 34 10
901 13 0 1 1 5963 900
901 6 0 1 1 5425 900
901 15 0 1 1 4494 900
901 10 0 1 1 3465 900
901 8 0 1 1 4453 900
901 5 0 1 1 4949 900
901 4 0 1 1 5287 900
901 9 0 1 1 5355 900
901 11 0 1 1 5484 900
901 14 0 1 1 5205 900
901 12 0 1 1 5734 900
901 7 0 1 1 6048 900
901 2 1 10 21 35 15
901 1 1 10 27 42 19
901 3 1 1 7 0 5
921 13 0 1 1 6695 900
921 6 0 1 1 6074 900
921 15 0 1 1 5055 900
921 10 0 1 1 4008 900
921 8 0 1 1 5004 900
921 5 0 1 1 5540 900
921 4 0 1 1 5953 900
921 9 0 1 1 6055 900
921 11 0 1 1 6183 900
921 14 0 1 1 5900 900
921 12 0 1 1 6452 900
921 7 0 1 1 6816 900
921 2 1 10 17 36 12
921 1 1 10 18 43 13
921 3 1 1 22 0 16
941 13 0 1 1 7387 900
941 6 0 1 1 6710 900
941 15 0 1 1 5588 900
941 10 0 1 1 4500 900
941 8 0 1 1 5515 900
941 5 0 1 1 6089 900
941 4 0 1 1 6634 900
941 9 0 1 1 6698 900
941 11 0 1 1 6775 900
941 14 0 1 1 6531 900
941 12 0 1 1 7136 900
941 7 0 1 1 7521 900
941 2 1 10 21 37 15
941 1 1 10 17 43 12
941 3 1 1 7 0 5
961 13 0 1 1 8071 900
961 6 0 1 1 7260 900
961 15 0 1 1 6069 900
961 10 0 1 1 4655 900
961 8 0 1 1 5998 900
961 5 0 1 1 6538 900
961 4 0 1 1 7201 900
961 9 0 1 1 7373 900
961 11 0 1 1 7398 900
961 14 0 1 1 7137 900
961 12 0 1 1 7830 900
961 7 0 1 1 8224 900
961 1 1 10 17 44 12
961 2 1 10 11 38 8
961 3 1 1 1 0 5
981 13 0 1 1 8170 900
981 6 0 1 1 7355 900
981 15 0 1 1 5696 900
981 10 0 1 1 4419 900
981 8 0 1 1 5688 900
981 5 0 1 1 6290 900
981 4 0 1 1 7150 900
981 9 0 1 1 7204 900
981 11 0 1 1 7113 900
981 14 0 1 1 6865 900
981 12 0 1 1 7824 900
981 7 0 1 1 8377 900
981 3 1 1 11 0 8
981 1 1 10 10 44 7
981 2 1 10 21 38 15
1001 13 0 1 1 8165 900
1001 6 0 1 1 7214 900
1001 15 0 1 1 5616 900
1001 10 0 1 1 4385 900
1001 8 0 1 1 5457 900
1001 5 0 1 1 6244 900
1001 4 0 1 1 6908 900
1001 9 0 1 1 7119 900
1001 11 0 1 1 6964 900
1001 14 0 1 1 6518 900
1001 12 0 1 1 7792 900
1001 7 0 1 1 8418 900
1001 1 1 10 28 45 20
1001 3 1 1 21 0 15
1001 2 1 10 28 39 20
1021 10 0 1 1 4128 900
1021 8 0 1 1 5269 900
1021 5 0 1 1 6069 900
1021 4 0 1 1 6805 900
1021 14 0 1 1 6476 900
1021 7 0 1 1 8341 900
1021 12 0 1 1 7740 900
1021 11 0 1 1 6989 900
1021 9 0 1 1 6975 900
1021 15 0 1 1 5618 900
1021 6 0 1 1 6955 900
1021 13 0 1 1 8193 900
1021 2 1 10 22 39 16
1021 1 1 10 11 46 8
1021 3 1 1 28 0 20
1041 10 0 1 2 1000 1312
1041 8 0 1 2 1000 1426
1041 5 0 1 2 1000 1506
1041 4 0 1 2 1000 1580
1041 14 0 1 2 1000 1547
1041 7 0 1 2 1000 1734
1041 12 0 1 2 1000 1673
1041 11 0 1 2 1000 1598
1041 9 0 1 2 1000 1597
1041 15 0 1 2 1000 1461
1041 6 0 1 2 1000 1595
1041 13 0 1 2 1000 1719
1041 2 1 10 25 39 18
1041 1 1 10 20 46 14
1041 3 1 1 10 0 7
1061 13 0 1 1 1000 1000
1061 6 0 1 1 1000 1000
1061 15 0 1 1 1000 1000
1061 9 0 1 1 1000 1000
1061 11 0 1 1 1000 1000
1061 12 0 1 1 1000 1000
1061 7 0 1 1 1000 1000
1061 14 0 1 1 1000 1000
1061 4 0 1 1 1000 1000
1061 5 0 1 1 1000 1000
1061 8 0 1 1 1000 1000
1061 10 0 1 1 1000 1000
1061 2 1 10 22 40 16
1061 1 1 10 15 46 11
1061 3 1 1 14 0 10
1081 6 0 1 1 1000 1000
1081 15 0 1 1 1000 1000
1081 9 0 1 1 1000 1000
1081 11 0 1 1 1000 1000
1081 8 0 1 1 1000 1000
1081 10 0 1 1 1000 1000
1081 1 1 10 22 47 16
1081 2 1 10 14 40 10
1081 3 1 1 20 0 14
1081 12 0 1 1 1000 1000
1081 5 0 1 1 1000 1000
1081 4 0 1 1 1000 1000
1081 14 0 1 1 1000 1000
1081 7 0 1 1 1000 1000
1081 13 0 1 1 1000 1000
1101 6 0 1 1 1000 1000
1101 15 0 1 1 1000 1000
1101 9 0 1 1 1000 1000
1101 11 0 1 1 1000 1000
1101 8 0 1 1 1000 1000
1101 10 0 1 1 1000 1000
1101 12 0 1 1 1000 1000
1101 5 0 1 1 1000 1000
1101 4 0 1 1 1000 1000
1101 14 0 1 1 1000 1000
1101 7 0 1 1 1000 1000
1101 13 0 1 1 1000 1000
1101 1 1 10 22 47 16
1101 2 1 10 17 41 12
1101 3 1 1 11 0 8
1121 6 0 1 1 1000 1000
1121 15 0 1 1 1000 1000
1121 9 0 1 1 1000 1000
1121 11 0 1 1 1000 1000
1121 8 0 1 1 1000 1000
1121 10 0 1 1 1000 1000
1121 12 0 1 1 1000 1000
1121 5 0 1 1 1000 1000
1121 4 0 1 1 1000 1000
1121 14 0 1 1 1000 1000
1121 7 0 1 1 1000 1000
1121 13 0 1 1 1000 1000
1121 1 1 10 22 48 16
1121 2 1 10 11 41 8
1121 3 1 1 27 0 19
1141 6 0 1 1 1000 1000
1141 15 0 1 1 1000 1000
1141 9 0 1 1 1000 1000
1141 11 0 1 1 1000 1000
1141 8 0 1 1 1000 1000
1141 10 0 1 1 1000 1000
1141 12 0 1 1 1000 1000
1141 5 0 1 1 1000 1000
1141 4 0 1 1 1000 1000
1141 14 0 1 1 1000 1000
1141 7 0 1 1 1000 1000
1141 13 0 1 1 1000 1000
1141 2 1 10 12 42 9
1141 1 1 10 28 49 20
1141 3 1 1 15 0 11
1161 6 0 1 1 1000 1000
1161 15 0 1 1 1000 1000
1161 9 0 1 1 1000 1000
1161 11 0 1 1 1000 1000
1161 8 0 1 1 1000 1000
1161 10 0 1 1 1000 1000
1161 12 0 1 1 1000 1000
1161 5 0 1 1 1000 1000
1161 4 0 1 1 1000 1000
1161 14 0 1 1 1000 1000
1161 7 0 1 1 1000 1000
1161 13 0 1 1 1000 1000
1161 2 1 10 17 43 12
1161 1 1 10 20 50 14
1161 3 1 1 11 0 8
1181 6 0 1 1 1000 1000
1181 15 0 1 1 1000 1000
1181 9 0 1 1 1000 1000
1181 11 0 1 1 1000 1000
1181 8 0 1 1 1000 1000
1181 10 0 1 1 1000 1000
1181 12 0 1 1 1000 1000
1181 5 0 1 1 1000 1000
1181 4 0 1 1 1000 1000
1181 14 0 1 1 1000 1000
1181 7 0 1 1 1000 1000
1181 13 0 1 1 1000 1000
1181 2 1 10 27 44 19
1181 1 1 10 21 50 15
1181 3 1 1 12 0 9
1201 6 0 1 1 1000 1000
1201 15 0 1 1 1000 1000
1201 9 0 1 1 1000 1000
1201 11 0 1 1 1000 1000
1201 8 0 1 1 1000 1000
1201 10 0 1 1 1000 1000
1201 12 0 1 1 1000 1000
1201 5 0 1 1 1000 1000
1201 4 0 1 1 1000 1000
1201 14 0 1 1 1000 1000
1201 7 0 1 1 1000 1000
1201 13 0 1 1 1000 1000
1201 1 1 10 21 51 15
1201 2 1 10 25 45 18
1201 3 1 1 11 0 8
1221 6 0 1 1 1000 1000
1221 15 0 1 1 1000 1000
1221 9 0 1 1 1000 1000
1221 11 0 1 1 1000 1000
1221 8 0 1 1 1000 1000
1221 10 0 1 1 1000 1000
1221 12 0 1 1 1000 1000
1221 5 0 1 1 1000 1000
1221 4 0 1 1 1000 1000
1221 14 0 1 1 1000 1000
1221 7 0 1 1 1000 1000
1221 13 0 1 1 1000 1000
1221 1 1 10 24 51 17
1221 2 1 10 22 45 16
1221 3 1 1 28 0 20
1241 6 0 1 1 1000 1000
1241 15 0 1 1 1000 1000
1241 9 0 1 1 1000 1000
1241 11 0 1 1 1000 1000
1241 8 0 1 1 1000 1000
1241 10 0 1 1 1000 1000
1241 12 0 1 1 1000 1000
1241 5 0 1 1 1000 1000
1241 4 0 1 1 1000 1000
1241 14 0 1 1 1000 1000
1241 7 0 1 1 1000 1000
1241 13 0 1 1 1000 1000
1241 1 1 10 15 52 11
1241 2 1 10 28 46 20
1241 3 1 1 21 0 15
1261 6 0 1 1 1000 1000
1261 15 0 1 1 1000 1000
1261 9 0 1 1 1000 1000
1261 11 0 1 1 1000 1000
1261 8 0 1 1 1000 1000
1261 10 0 1 1 1000 1000
1261 12 0 1 1 1000 1000
1261 5 0 1 1 1000 1000
1261 4 0 1 1 1000 1000
1261 14 0 1 1 1000 1000
1261 7 0 1 1 1000 1000
1261 13 0 1 1 1000 1000
1261 2 1 10 12 46 9
1261 1 1 10 14 53 10
1261 3 1 1 8 0 6
1281 6 0 1 1 1000 1000
1281 15 0 1 1 1000 1000
1281 9 0 1 1 1000 1000
1281 11 0 1 1 1000 1000
1281 8 0 1 1 1000 1000
1281 10 0 1 1 1000 1000
1281 12 0 1 1 1000 1000
1281 5 0 1 1 1000 1000
1281 4 0 1 1 1000 1000
1281 14 0 1 1 1000 1000
1281 7 0 1 1 1000 1000
1281 13 0 1 1 1000 1000
1281 2 1 10 20 46 14
1281 1 1 10 20 53 14
1281 3 1 1 8 0 6
1301 6 0 1 1 1000 1000
1301 15 0 1 1 1000 1000
1301 9 0 1 1 1000 1000
1301 11 0 1 1 1000 1000
1301 8 0 1 1 1000 1000
1301 10 0 1 1 1000 1000
1301 12 0 1 1 1000 1000
1301 5 0 1 1 1000 1000
1301 4 0 1 1 1000 1000
1301 14 0 1 1 1000 1000
1301 7 0 1 1 1000 1000
1301 13 0 1 1 1000 1000
1301 2 1 10 25 47 18
1301 1 1 10 10 53 7
1301 3 1 1 18 0 13
1321 6 0 1 1 1000 1000
1321 15 0 1 1 1000 1000
1321 9 0 1 1 1000 1000
1321 11 0 1 1 1000 1000
1321 8 0 1 1 1000 1000
1321 10 0 1 1 1000 1000
1321 12 0 1 1 1000 1000
1321 5 0 1 1 1000 1000
1321 4 0 1 1 1000 1000
1321 14 0 1 1 1000 1000
1321 7 0 1 1 1000 1000
1321 13 0 1 1 1000 1000
1321 2 1 10 11 47 8
1321 1 1 10 20 54 14
1321 3 1 1 24 0 17
1341 6 0 1 1 1000 1000
1341 15 0 1 1 1000 1000
1341 9 0 1 1 1000 1000
1341 11 0 1 1 1000 1000
1341 8 0 1 1 1000 1000
1341 10 0 1 1 1000 1000
1341 12 0 1 1 1000 1000
1341 5 0 1 1 1000 1000
1341 4 0 1 1 1000 1000
1341 14 0 1 1 1000 1000
1341 7 0 1 1 1000 1000
1341 13 0 1 1 1000 1000
1341 2 1 10 25 48 18
1341 1 1 10 22 54 16
1341 3 1 1 7 0 5
1361 6 0 1 1 1000 1000
1361 15 0 1 1 1000 1000
1361 9 0 1 1 1000 1000
1361 11 0 1 1 1000 1000
1361 8 0 1 1 1000 1000
1361 10 0 1 1 1000 1000
1361 12 0 1 1 1000 1000
1361 5 0 1 1 1000 1000
1361 4 0 1 1 1000 1000
1361 14 0 1 1 1000 1000
1361 7 0 1 1 1000 1000
1361 13 0 1 1 1000 1000
1361 2 1 10 27 48 19
1361 1 1 10 21 55 15
1361 3 1 1 10 0 7
1381 6 0 1 1 1000 1000
1381 15 0 1 1 1000 1000
1381 9 0 1 1 1000 1000
1381 11 0 1 1 1000 1000
1381 8 0 1 1 1000 1000
1381 10 0 1 1 1000 1000
1381 12 0 1 1 1000 1000
1381 5 0 1 1 1000 1000
1381 4 0 1 1 1000 1000
1381 14 0 1 1 1000 1000
1381 7 0 1 1 1000 1000
1381 13 0 1 1 1000 1000
1381 1 1 10 22 56 16
1381 2 1 10 22 49 16
1381 3 1 1 25 0 18
1401 6 0 1 1 1000 1000
1401 15 0 1 1 1000 1000
1401 9 0 1 1 1000 1000
1401 11 0 1 1 1000 1000
1401 8 0 1 1 1000 1000
1401 10 0 1 1 1000 1000
1401 12 0 1 1 1000 1000
1401 5 0 1 1 1000 1000
1401 4 0 1 1 1000 1000
1401 14 0 1 1 1000 1000
1401 7 0 1 1 1000 1000
1401 13 0 1 1 1000 1000
1401 1 1 10 25 57 18
1401 2 1 10 10 50 7
1401 3 1 1 12 0 9
1421 6 0 1 1 1000 1000
1421 15 0 1 1 1000 1000
1421 9 0 1 1 1000 1000
1421 11 0 1 1 1000 1000
1421 8 0 1 1 1000 1000
1421 10 0 1 1 1000 1000
1421 12 0 1 1 1000 1000
1421 5 0 1 1 1000 1000
1421 4 0 1 1 1000 1000
1421 14 0 1 1 1000 1000
1421 7 0 1 1 1000 1000
1421 13 0 1 1 1000 1000
1421 2 1 10 28 51 20
1421 1 1 10 25 57 18
1421 3 1 1 7 0 5
1441 6 0 1 1 1000 1000
1441 15 0 1 1 1000 1000
1441 9 0 1 1 1000 1000
1441 11 0 1 1 1000 1000
1441 8 0 1 1 1000 1000
1441 10 0 1 1 1000 1000
1441 12 0 1 1 1000 1000
1441 5 0 1 1 1000 1000
1441 4 0 1 1 1000 1000
1441 14 0 1 1 1000 1000
1441 7 0 1 1 1000 1000
1441 13 0 1 1 1000 1000
1441 1 1 10 15 58 11
1441 2 1 10 22 52 16
1441 3 1 1 12 0 9
1461 6 0 1 1 1000 1000
1461 15 0 1 1 1000 1000
1461 9 0 1 1 1000 1000
1461 11 0 1 1 1000 1000
1461 8 0 1 1 1000 1000
1461 10 0 1 1 1000 1000
1461 12 0 1 1 1000 1000
1461 5 0 1 1 1000 1000
1461 4 0 1 1 1000 1000
1461 14 0 1 1 1000 1000
1461 7 0 1 1 1000 1000
1461 13 0 1 1 1000 1000
1461 1 1 10 18 58 13
1461 2 1 10 28 52 20
1461 3 1 1 27 0 19
1481 6 0 1 1 1000 1000
1481 15 0 1 1 1000 1000
1481 9 0 1 1 1000 1000
1481 11 0 1 1 1000 1000
1481 8 0 1 1 1000 1000
1481 10 0 1 1 1000 1000
1481 12 0 1 1 1000 1000
1481 5 0 1 1 1000 1000
1481 4 0 1 1 1000 1000
1481 14 0 1 1 1000 1000
1481 7 0 1 1 1000 1000
1481 13 0 1 1 1000 1000
1481 1 1 10 15 59 11
1481 2 1 10 27 53 19
1481 3 1 1 8 0 6
1501 6 0 1 1 1000 1000
1501 15 0 1 1 1000 1000
1501 9 0 1 1 1000 1000
1501 11 0 1 1 1000 1000
1501 8 0 1 1 1000 1000
1501 10 0 1 1 1000 1000
1501 12 0 1 1 1000 1000
1501 5 0 1 1 1000 1000
1501 4 0 1 1 1000 1000
1501 14 0 1 1 1000 1000
1501 7 0 1 1 1000 1000
1501 13 0 1 1 1000 1000
1501 2 1 10 25 53 18
1501 1 1 10 8 60 6
1501 3 1 1 18 0 13
1521 6 0 1 1 1000 1000
1521 15 0 1 1 1000 1000
1521 9 0 1 1 1000 1000
1521 11 0 1 1 1000 1000
1521 8 0 1 1 1000 1000
1521 10 0 1 1 1000 1000
1521 12 0 1 1 1000 1000
1521 5 0 1 1 1000 1000
1521 4 0 1 1 1000 1000
1521 14 0 1 1 1000 1000
1521 7 0 1 1 1000 1000
1521 13 0 1 1 1000 1000
1521 1 1 8 11 60 8
1521 2 1 10 20 53 14
1521 3 1 1 17 0 12
1541 6 0 1 1 1000 1000
1541 15 0 1 1 1000 1000
1541 9 0 1 1 1000 1000
1541 11 0 1 1 1000 1000
1541 8 0 1 1 1000 1000
1541 10 0 1 1 1000 1000
1541 12 0 1 1 1000 1000
1541 5 0 1 1 1000 1000
1541 4 0 1 1 1000 1000
1541 14 0 1 1 1000 1000
1541 7 0 1 1 1000 1000
1541 13 0 1 1 1000 1000
1541 1 1 8 28 60 20
1541 2 1 10 8 54 6
1541 3 1 1 25 0 18
1561 6 0 1 1 1000 1000
1561 15 0 1 1 1000 1000
1561 9 0 1 1 1000 1000
1561 11 0 1 1 1000 1000
1561 8 0 1 1 1000 1000
1561 10 0 1 1 1000 1000
1561 12 0 1 1 1000 1000
1561 5 0 1 1 1000 1000
1561 4 0 1 1 1000 1000
1561 14 0 1 1 1000 1000
1561 7 0 1 1 1000 1000
1561 13 0 1 1 1000 1000
1561 1 1 8 21 61 15
1561 2 1 8 18 54 13
1561 3 1 1 14 0 10
1581 6 0 1 1 1000 1000
1581 15 0 1 1 1000 1000
1581 9 0 1 1 1000 1000
1581 11 0 1 1 1000 1000
1581 8 0 1 1 1000 1000
1581 10 0 1 1 1000 1000
1581 12 0 1 1 1000 1000
1581 5 0 1 1 1000 1000
1581 4 0 1 1 1000 1000
1581 14 0 1 1 1000 1000
1581 7 0 1 1 1000 1000
1581 13 0 1 1 1000 1000
1581 1 1 8 17 61 12
1581 2 1 8 25 55 18
1581 3 1 1 22 0 16
1601 6 0 1 1 1000 1000
1601 15 0 1 1 1000 1000
1601 9 0 1 1 1000 1000
1601 11 0 1 1 1000 1000
1601 8 0 1 1 1000 1000
1601 10 0 1 1 1000 1000
1601 12 0 1 1 1000 1000
1601 5 0 1 1 1000 1000
1601 4 0 1 1 1000 1000
1601 14 0 1 1 1000 1000
1601 7 0 1 1 1000 1000
1601 13 0 1 1 1000 1000
1601 1 1 8 12 62 9
1601 2 1 8 18 55 13
1601 3 1 1 18 0 13
1621 6 0 1 1 1000 1000
1621 15 0 1 1 1000 1000
1621 9 0 1 1 1000 1000
1621 11 0 1 1 1000 1000
1621 8 0 1 1 1000 1000
1621 10 0 1 1 1000 1000
1621 12 0 1 1 1000 1000
1621 5 0 1 1 1000 1000
1621 4 0 1 1 1000 1000
1621 14 0 1 1 1000 1000
1621 7 0 1 1 1000 1000
1621 13 0 1 1 1000 1000
1621 2 1 8 17 56 12
1621 1 1 8 27 63 19
1621 3 1 1 25 0 18
1641 6 0 1 1 1000 1000
1641 15 0 1 1 1000 1000
1641 9 0 1 1 1000 1000
1641 11 0 1 1 1000 1000
1641 8 0 1 1 1000 1000
1641 10 0 1 1 1000 1000
1641 12 0 1 1 1000 1000
1641 5 0 1 1 1000 1000
1641 4 0 1 1 1000 1000
1641 14 0 1 1 1000 1000
1641 7 0 1 1 1000 1000
1641 13 0 1 1 1000 1000
1641 2 1 8 14 57 10
1641 1 1 8 25 64 18
1641 3 1 1 28 0 20
1661 6 0 1 1 1000 1000
1661 15 0 1 1 1000 1000
1661 9 0 1 1 1000 1000
1661 11 0 1 1 1000 1000
1661 8 0 1 1 1000 1000
1661 10 0 1 1 1000 1000
1661 12 0 1 1 1000 1000
1661 5 0 1 1 1000 1000
1661 4 0 1 1 1000 1000
1661 14 0 1 1 1000 1000
1661 7 0 1 1 1000 1000
1661 13 0 1 1 1000 1000
1661 2 1 8 21 58 15
1661 1 1 8 7 64 5
1661 3 1 1 17 0 12
1681 6 0 1 1 1000 1000
1681 15 0 1 1 1000 1000
1681 9 0 1 1 1000 1000
1681 11 0 1 1 1000 1000
1681 8 0 1 1 1000 1000
1681 10 0 1 1 1000 1000
1681 12 0 1 1 1000 1000
1681 5 0 1 1 1000 1000
1681 4 0 1 1 1000 1000
1681 14 0 1 1 1000 1000
1681 7 0 1 1 1000 1000
1681 13 0 1 1 1000 1000
1681 2 1 8 18 59 13
1681 1 1 7 12 65 9
1681 3 1 1 22 0 16
1701 6 0 1 1 1000 1000
1701 15 0 1 1 1000 1000
1701 9 0 1 1 1000 1000
1701 11 0 1 1 1000 1000
1701 8 0 1 1 1000 1000
1701 10 0 1 1 1000 1000
1701 12 0 1 1 1000 1000
1701 5 0 1 1 1000 1000
1701 4 0 1 1 1000 1000
1701 14 0 1 1 1000 1000
1701 7 0 1 1 1000 1000
1701 13 0 1 1 1000 1000
1701 2 1 8 24 59 17
1701 1 1 7 7 65 5
1701 3 1 1 27 0 19
1721 6 0 1 1 1000 1000
1721 15 0 1 1 1000 1000
1721 9 0 1 1 1000 1000
1721 11 0 1 1 1000 1000
1721 8 0 1 1 1000 1000
1721 10 0 1 1 1000 1000
1721 12 0 1 1 1000 1000
1721 5 0 1 1 1000 1000
1721 4 0 1 1 1000 1000
1721 14 0 1 1 1000 1000
1721 7 0 1 1 1000 1000
1721 13 0 1 1 1000 1000
1721 1 1 7 18 65 13
1721 2 1 8 18 59 13
1721 3 1 1 10 0 7
1741 6 0 1 1 1000 1000
1741 15 0 1 1 1000 1000
1741 9 0 1 1 1000 1000
1741 11 0 1 1 1000 1000
1741 8 0 1 1 1000 1000
1741 10 0 1 1 1000 1000
1741 12 0 1 1 1000 1000
1741 5 0 1 1 1000 1000
1741 4 0 1 1 1000 1000
1741 14 0 1 1 1000 1000
1741 7 0 1 1 1000 1000
1741 13 0 1 1 1000 1000
1741 2 1 8 7 59 5
1741 1 1 7 8 65 6
1741 3 1 1 5 0 4
1761 6 0 1 1 1000 1000
1761 15 0 1 1 1000 1000
1761 9 0 1 1 1000 1000
1761 11 0 1 1 1000 1000
1761 8 0 1 1 1000 1000
1761 10 0 1 1 1000 1000
1761 12 0 1 1 1000 1000
1761 5 0 1 1 1000 1000
1761 4 0 1 1 1000 1000
1761 14 0 1 1 1000 1000
1761 7 0 1 1 1000 1000
1761 13 0 1 1 1000 1000
1761 2 1 7 24 60 17
1761 1 1 7 24 65 17
1761 3 1 1 21 0 15
1781 6 0 1 1 1000 1000
1781 15 0 1 1 1000 1000
1781 9 0 1 1 1000 1000
1781 11 0 1 1 1000 1000
1781 8 0 1 1 1000 1000
1781 10 0 1 1 1000 1000
1781 12 0 1 1 1000 1000
1781 5 0 1 1 1000 1000
1781 4 0 1 1 1000 1000
1781 14 0 1 1 1000 1000
1781 7 0 1 1 1000 1000
1781 13 0 1 1 1000 1000
1781 2 1 7 17 60 12
1781 1 1 7 14 66 10
1781 3 1 1 28 0 20
1801 6 0 1 1 1000 1000
1801 15 0 1 1 1000 1000
1801 9 0 1 1 1000 1000
1801 11 0 1 1 1000 1000
1801 8 0 1 1 1000 1000
1801 10 0 1 1 1000 1000
1801 12 0 1 1 1000 1000
1801 5 0 1 1 1000 1000
1801 4 0 1 1 1000 1000
1801 14 0 1 1 1000 1000
1801 7 0 1 1 1000 1000
1801 13 0 1 1 1000 1000
1801 1 1 7 21 66 15
1801 2 1 7 7 60 5
1801 3 1 1 27 0 19
1821 6 0 1 1 1000 1000
1821 15 0 1 1 1000 1000
1821 9 0 1 1 1000 1000
1821 11 0 1 1 1000 1000
1821 8 0 1 1 1000 1000
1821 10 0 1 1 1000 1000
1821 12 0 1 1 1000 1000
1821 5 0 1 1 1000 1000
1821 4 0 1 1 1000 1000
1821 14 0 1 1 1000 1000
1821 7 0 1 1 1000 1000
1821 13 0 1 1 1000 1000
1821 2 1 7 28 60 20
1821 1 1 7 11 66 8
1821 3 1 1 5 0 4
1841 6 0 1 1 1000 1000
1841 15 0 1 1 1000 1000
1841 9 0 1 1 1000 1000
1841 11 0 1 1 1000 1000
1841 8 0 1 1 1000 1000
1841 10 0 1 1 1000 1000
1841 12 0 1 1 1000 1000
1841 5 0 1 1 1000 1000
1841 4 0 1 1 1000 1000
1841 14 0 1 1 1000 1000
1841 7 0 1 1 1000 1000
1841 13 0 1 1 1000 1000
1841 2 1 7 5 60 4
1841 1 1 7 18 67 13
1841 3 1 1 5 0 4
1861 6 0 1 1 1000 1000
1861 15 0 1 1 1000 1000
1861 9 0 1 1 1000 1000
1861 11 0 1 1 1000 1000
1861 8 0 1 1 1000 1000
1861 10 0 1 1 1000 1000
1861 12 0 1 1 1000 1000
1861 5 0 1 1 1000 1000
1861 4 0 1 1 1000 1000
1861 14 0 1 1 1000 1000
1861 7 0 1 1 1000 1000
1861 13 0 1 1 1000 1000
1861 1 1 7 27 68 19
1861 2 1 5 15 61 11
1861 3 1 1 18 0 13
1881 6 0 1 1 1000 1000
1881 15 0 1 1 1000 1000
1881 9 0 1 1 1000 1000
1881 11 0 1 1 1000 1000
1881 8 0 1 1 1000 1000
1881 10 0 1 1 1000 1000
1881 12 0 1 1 1000 1000
1881 5 0 1 1 1000 1000
1881 4 0 1 1 1000 1000
1881 14 0 1 1 1000 1000
1881 7 0 1 1 1000 1000
1881 13 0 1 1 1000 1000
1881 1 1 7 7 68 5
1881 2 1 5 4 62 3
1881 3 1 1 21 0 15
1901 6 0 1 1 1000 1000
1901 15 0 1 1 1000 1000
1901 9 0 1 1 1000 1000
1901 11 0 1 1 1000 1000
1901 8 0 1 1 1000 1000
1901 10 0 1 1 1000 1000
1901 12 0 1 1 1000 1000
1901 5 0 1 1 1000 1000
1901 4 0 1 1 1000 1000
1901 14 0 1 1 1000 1000
1901 7 0 1 1 1000 1000
1901 13 0 1 1 1000 1000
1901 2 1 4 5 63 4
1901 1 1 7 5 69 4
1901 3 1 1 7 0 5
1921 6 0 1 1 1000 1000
1921 15 0 1 1 1000 1000
1921 9 0 1 1 1000 1000
1921 11 0 1 1 1000 1000
1921 8 0 1 1 1000 1000
1921 10 0 1 1 1000 1000
1921 12 0 1 1 1000 1000
1921 5 0 1 1 1000 1000
1921 4 0 1 1 1000 1000
1921 14 0 1 1 1000 1000
1921 7 0 1 1 1000 1000
1921 13 0 1 1 1000 1000
1921 2 1 4 7 63 5
1921 1 1 5 11 69 8
1921 3 1 1 25 0 18
1941 6 0 1 1 1000 1000
1941 15 0 1 1 1000 1000
1941 9 0 1 1 1000 1000
1941 11 0 1 1 1000 1000
1941 8 0 1 1 1000 1000
1941 10 0 1 1 1000 1000
1941 12 0 1 1 1000 1000
1941 5 0 1 1 1000 1000
1941 4 0 1 1 1000 1000
1941 14 0 1 1 1000 1000
1941 7 0 1 1 1000 1000
1941 13 0 1 1 1000 1000
1941 2 1 4 2 63 2
1941 1 1 5 21 69 15
1941 3 1 1 11 0 8
1961 6 0 1 1 1000 1000
1961 15 0 1 1 1000 1000
1961 9 0 1 1 1000 1000
1961 11 0 1 1 1000 1000
1961 8 0 1 1 1000 1000
1961 10 0 1 1 1000 1000
1961 12 0 1 1 1000 1000
1961 5 0 1 1 1000 1000
1961 4 0 1 1 1000 1000
1961 14 0 1 1 1000 1000
1961 7 0 1 1 1000 1000
1961 13 0 1 1 1000 1000
1961 2 1 2 28 64 20
1961 1 1 5 22 69 16
1961 3 1 1 21 0 15
1981 6 0 1 1 1000 1000
1981 15 0 1 1 1000 1000
1981 9 0 1 1 1000 1000
1981 11 0 1 1 1000 1000
1981 8 0 1 1 1000 1000
1981 10 0 1 1 1000 1000
1981 12 0 1 1 1000 1000
1981 5 0 1 1 1000 1000
1981 4 0 1 1 1000 1000
1981 14 0 1 1 1000 1000
1981 7 0 1 1 1000 1000
1981 13 0 1 1 1000 1000
1981 1 1 5 7 69 5
1981 2 1 2 2 64 2
1981 3 1 1 14 0 10
2001 6 0 1 1 1000 1000
2001 15 0 1 1 1000 1000
2001 9 0 1 1 1000 1000
2001 11 0 1 1 1000 1000
2001 8 0 1 1 1000 1000
2001 10 0 1 1 1000 1000
2001 12 0 1 1 1000 1000
2001 5 0 1 1 1000 1000
2001 4 0 1 1 1000 1000
2001 14 0 1 1 1000 1000
2001 7 0 1 1 1000 1000
2001 13 0 1 1 1000 1000
2001 2 1 2 20 64 14
2001 1 1 5 27 69 19
2001 3 1 1 22 0 16
2021 6 0 1 1 1000 1000
2021 15 0 1 1 1000 1000
2021 9 0 1 1 1000 1000
2021 11 0 1 1 1000 1000
2021 8 0 1 1 1000 1000
2021 10 0 1 1 1000 1000
2021 12 0 1 1 1000 1000
2021 5 0 1 1 1000 1000
2021 4 0 1 1 1000 1000
2021 14 0 1 1 1000 1000
2021 7 0 1 1 1000 1000
2021 13 0 1 1 1000 1000
2021 2 1 2 10 64 7
2021 1 1 5 25 70 18
2021 3 1 1 17 0 12
2041 6 0 1 1 1000 1000
2041 15 0 1 1 1000 1000
2041 9 0 1 1 1000 1000
2041 11 0 1 1 1000 1000
2041 8 0 1 1 1000 1000
2041 10 0 1 1 1000 1000
2041 12 0 1 1 1000 1000
2041 5 0 1 1 1000 1000
2041 4 0 1 1 1000 1000
2041 14 0 1 1 1000 1000
2041 7 0 1 1 1000 1000
2041 13 0 1 1 1000 1000
2041 1 1 5 11 70 8
2041 2 1 2 25 64 18
2041 3 1 1 20 0 14
2061 6 0 1 1 1000 1000
2061 15 0 1 1 1000 1000
2061 9 0 1 1 1000 1000
2061 11 0 1 1 1000 1000
2061 8 0 1 1 1000 1000
2061 10 0 1 1 1000 1000
2061 12 0 1 1 1000 1000
2061 5 0 1 1 1000 1000
2061 4 0 1 1 1000 1000
2061 14 0 1 1 1000 1000
2061 7 0 1 1 1000 1000
2061 13 0 1 1 1000 1000
2061 1 1 5 17 70 12
2061 2 1 2 21 64 15
2061 3 1 1 11 0 8
2081 6 0 1 1 1000 1000
2081 15 0 1 1 1000 1000
2081 9 0 1 1 1000 1000
2081 11 0 1 1 1000 1000
2081 8 0 1 1 1000 1000
2081 10 0 1 1 1000 1000
2081 12 0 1 1 1000 1000
2081 5 0 1 1 1000 1000
2081 4 0 1 1 1000 1000
2081 14 0 1 1 1000 1000
2081 7 0 1 1 1000 1000
2081 13 0 1 1 1000 1000
2081 1 1 5 28 71 20
2081 2 1 2 4 64 3
2081 3 1 1 20 0 14
2101 6 0 1 1 1000 1000
2101 15 0 1 1 1000 1000
2101 9 0 1 1 1000 1000
2101 11 0 1 1 1000 1000
2101 8 0 1 1 1000 1000
2101 10 0 1 1 1000 1000
2101 12 0 1 1 1000 1000
2101 5 0 1 1 1000 1000
2101 4 0 1 1 1000 1000
2101 14 0 1 1 1000 1000
2101 7 0 1 1 1000 1000
2101 13 0 1 1 1000 1000
2101 2 1 2 27 64 19
2101 1 1 5 24 72 17
2101 3 1 1 10 0 7
2121 6 0 1 1 1000 1000
2121 15 0 1 1 1000 1000
2121 9 0 1 1 1000 1000
2121 11 0 1 1 1000 1000
2121 8 0 1 1 1000 1000
2121 10 0 1 1 1000 1000
2121 12 0 1 1 1000 1000
2121 5 0 1 1 1000 1000
2121 4 0 1 1 1000 1000
2121 14 0 1 1 1000 1000
2121 7 0 1 1 1000 1000
2121 13 0 1 1 1000 1000
2121 2 1 2 25 64 18
2121 1 1 5 17 72 12
2121 3 1 1 12 0 9
2141 6 0 1 1 1000 1000
2141 15 0 1 1 1000 1000
2141 9 0 1 1 1000 1000
2141 11 0 1 1 1000 1000
2141 8 0 1 1 1000 1000
2141 10 0 1 1 1000 1000
2141 12 0 1 1 1000 1000
2141 5 0 1 1 1000 1000
2141 4 0 1 1 1000 1000
2141 14 0 1 1 1000 1000
2141 7 0 1 1 1000 1000
2141 13 0 1 1 1000 1000
2141 2 1 2 15 64 11
2141 1 1 5 24 72 17
2141 3 1 1 5 0 4
2161 6 0 1 1 1000 1000
2161 15 0 1 1 1000 1000
2161 9 0 1 1 1000 1000
2161 11 0 1 1 1000 1000
2161 8 0 1 1 1000 1000
2161 10 0 1 1 1000 1000
2161 12 0 1 1 1000 1000
2161 5 0 1 1 1000 1000
2161 4 0 1 1 1000 1000
2161 14 0 1 1 1000 1000
2161 7 0 1 1 1000 1000
2161 13 0 1 1 1000 1000
2161 1 1 5 17 72 12
2161 2 1 2 18 65 13
2161 3 1 1 25 0 18
2181 6 0 1 1 1000 1000
2181 15 0 1 1 1000 1000
2181 9 0 1 1 1000 1000
2181 11 0 1 1 1000 1000
2181 8 0 1 1 1000 1000
2181 10 0 1 1 1000 1000
2181 12 0 1 1 1000 1000
2181 5 0 1 1 1000 1000
2181 4 0 1 1 1000 1000
2181 14 0 1 1 1000 1000
2181 7 0 1 1 1000 1000
2181 13 0 1 1 1000 1000
2181 1 1 5 21 72 15
2181 2 1 2 15 65 11
2181 3 1 1 18 0 13
2201 6 0 1 1 1000 1000
2201 15 0 1 1 1000 1000
2201 9 0 1 1 1000 1000
2201 11 0 1 1 1000 1000
2201 8 0 1 1 1000 1000
2201 10 0 1 1 1000 1000
2201 12 0 1 1 1000 1000
2201 5 0 1 1 1000 1000
2201 4 0 1 1 1000 1000
2201 14 0 1 1 1000 1000
2201 7 0 1 1 1000 1000
2201 13 0 1 1 1000 1000
2201 1 1 5 21 72 15
2201 2 1 2 21 65 15
2201 3 1 1 18 0 13
2221 6 0 1 1 1000 1000
2221 15 0 1 1 1000 1000
2221 9 0 1 1 1000 1000
2221 11 0 1 1 1000 1000
2221 8 0 1 1 1000 1000
2221 10 0 1 1 1000 1000
2221 12 0 1 1 1000 1000
2221 5 0 1 1 1000 1000
2221 4 0 1 1 1000 1000
2221 14 0 1 1 1000 1000
2221 7 0 1 1 1000 1000
2221 13 0 1 1 1000 1000
2221 2 1 2 15 65 11
2221 1 1 5 14 72 10
2221 3 1 1 5 0 4
2241 6 0 1 1 1000 1000
2241 15 0 1 1 1000 1000
2241 9 0 1 1 1000 1000
2241 11 0 1 1 1000 1000
2241 8 0 1 1 1000 1000
2241 10 0 1 1 1000 1000
2241 12 0 1 1 1000 1000
2241 5 0 1 1 1000 1000
2241 4 0 1 1 1000 1000
2241 14 0 1 1 1000 1000
2241 7 0 1 1 1000 1000
2241 13 0 1 1 1000 1000
2241 2 1 2 11 65 8
2241 1 1 5 15 72 11
2241 3 1 1 12 0 9
2261 6 0 1 1 1000 1000
2261 15 0 1 1 1000 1000
2261 9 0 1 1 1000 1000
2261 11 0 1 1 1000 1000
2261 8 0 1 1 1000 1000
2261 10 0 1 1 1000 1000
2261 12 0 1 1 1000 1000
2261 5 0 1 1 1000 1000
2261 4 0 1 1 1000 1000
2261 14 0 1 1 1000 1000
2261 7 0 1 1 1000 1000
2261 13 0 1 1 1000 1000
2261 2 1 2 25 65 18
2261 1 1 5 14 73 10
2261 3 1 1 17 0 12
2281 6 0 1 1 1000 1000
2281 15 0 1 1 1000 1000
2281 9 0 1 1 1000 1000
2281 11 0 1 1 1000 1000
2281 8 0 1 1 1000 1000
2281 10 0 1 1 1000 1000
2281 12 0 1 1 1000 1000
2281 5 0 1 1 1000 1000
2281 4 0 1 1 1000 1000
2281 14 0 1 1 1000 1000
2281 7 0 1 1 1000 1000
2281 13 0 1 1 1000 1000
2281 1 1 5 10 73 7
2281 2 1 2 17 65 12
2281 3 1 1 1 0 12
2301 6 0 1 1 1000 1000
2301 15 0 1 1 1000 1000
2301 9 0 1 1 1000 1000
2301 11 0 1 1 1000 1000
2301 8 0 1 1 1000 1000
2301 10 0 1 1 1000 1000
2301 12 0 1 1 1000 1000
2301 5 0 1 1 1000 1000
2301 4 0 1 1 1000 1000
2301 14 0 1 1 1000 1000
2301 7 0 1 1 1000 1000
2301 13 0 1 1 1000 1000
2301 3 1 1 5 0 4
2301 1 1 5 20 73 14
2301 2 1 2 5 65 4
2321 6 0 1 1 1000 1000
2321 15 0 1 1 1000 1000
2321 9 0 1 1 1000 1000
2321 11 0 1 1 1000 1000
2321 8 0 1 1 1000 1000
2321 10 0 1 1 1000 1000
2321 12 0 1 1 1000 1000
2321 5 0 1 1 1000 1000
2321 4 0 1 1 1000 1000
2321 14 0 1 1 1000 1000
2321 7 0 1 1 1000 1000
2321 13 0 1 1 1000 1000
2321 3 1 1 15 0 11
2321 1 1 5 11 74 8
2321 2 1 2 25 65 18
2341 6 0 1 1 1000 1000
2341 15 0 1 1 1000 1000
2341 9 0 1 1 1000 1000
2341 11 0 1 1 1000 1000
2341 8 0 1 1 1000 1000
2341 10 0 1 1 1000 1000
2341 12 0 1 1 1000 1000
2341 5 0 1 1 1000 1000
2341 4 0 1 1 1000 1000
2341 14 0 1 1 1000 1000
2341 7 0 1 1 1000 1000
2341 13 0 1 1 1000 1000
2341 2 1 2 25 65 18
2341 1 1 5 8 75 6
2341 3 1 1 18 0 13
2361 6 0 1 1 1000 1000
2361 15 0 1 1 1000 1000
2361 9 0 1 1 1000 1000
2361 11 0 1 1 1000 1000
2361 8 0 1 1 1000 1000
2361 10 0 1 1 1000 1000
2361 12 0 1 1 1000 1000
2361 5 0 1 1 1000 1000
2361 4 0 1 1 1000 1000
2361 14 0 1 1 1000 1000
2361 7 0 1 1 1000 1000
2361 13 0 1 1 1000 1000
2361 2 1 2 18 65 13
2361 1 1 5 25 75 18
2361 3 1 1 10 0 7
2381 6 0 1 1 1000 1000
2381 15 0 1 1 1000 1000
2381 9 0 1 1 1000 1000
2381 11 0 1 1 1000 1000
2381 8 0 1 1 1000 1000
2381 10 0 1 1 1000 1000
2381 12 0 1 1 1000 1000
2381 5 0 1 1 1000 1000
2381 4 0 1 1 1000 1000
2381 14 0 1 1 1000 1000
2381 7 0 1 1 1000 1000
2381 13 0 1 1 1000 1000
2381 2 1 2 14 65 10
2381 1 1 5 22 75 16
2381 3 1 1 20 0 14
2401 6 0 1 1 1000 1000
2401 15 0 1 1 1000 1000
2401 9 0 1 1 1000 1000
2401 11 0 1 1 1000 1000
2401 8 0 1 1 1000 1000
2401 10 0 1 1 1000 1000
2401 12 0 1 1 1000 1000
2401 5 0 1 1 1000 1000
2401 4 0 1 1 1000 1000
2401 14 0 1 1 1000 1000
2401 7 0 1 1 1000 1000
2401 13 0 1 1 1000 1000
2401 1 1 5 28 75 20
2401 2 1 2 0 66 0
2401 3 1 1 21 0 15
