IT_NO ID MY_EMPLOYER_ID WAGE unemployment_benefit general_benefit
20 23 1 5.000000 0.000000 1.500000
20 24 2 5.000000 0.000000 1.500000
20 25 3 5.000000 0.000000 1.500000
20 26 4 5.000000 0.000000 1.500000
20 30 8 5.000000 0.000000 1.500000
20 32 10 5.000000 0.000000 1.500000
20 34 12 5.000000 0.000000 1.500000
20 36 14 5.000000 0.000000 1.500000
20 37 15 5.000000 0.000000 1.500000
20 39 1 5.000000 0.000000 1.500000
20 40 1 5.000000 0.000000 1.500000
20 42 1 5.000000 0.000000 1.500000
20 43 1 5.000000 0.000000 1.500000
20 44 1 5.000000 0.000000 1.500000
20 47 1 5.000000 0.000000 1.500000
20 48 1 5.000000 0.000000 1.500000
20 49 1 5.000000 0.000000 1.500000
20 52 1 5.000000 0.000000 1.500000
20 55 1 5.000000 0.000000 1.500000
20 59 2 5.000000 0.000000 1.500000
20 60 2 5.000000 0.000000 1.500000
20 61 2 5.000000 0.000000 1.500000
20 62 2 5.000000 0.000000 1.500000
20 63 2 5.000000 0.000000 1.500000
20 64 2 5.000000 0.000000 1.500000
20 67 2 5.000000 0.000000 1.500000
20 68 2 5.000000 0.000000 1.500000
20 69 2 5.000000 0.000000 1.500000
20 71 2 5.000000 0.000000 1.500000
20 73 2 5.000000 0.000000 1.500000
20 74 2 5.000000 0.000000 1.500000
20 75 2 5.000000 0.000000 1.500000
20 76 3 5.000000 0.000000 1.500000
20 78 3 5.000000 0.000000 1.500000
20 79 3 5.000000 0.000000 1.500000
20 80 3 5.000000 0.000000 1.500000
20 81 3 5.000000 0.000000 1.500000
20 82 3 5.000000 0.000000 1.500000
20 84 3 5.000000 0.000000 1.500000
20 85 3 5.000000 0.000000 1.500000
20 87 3 5.000000 0.000000 1.500000
20 88 3 5.000000 0.000000 1.500000
20 90 3 5.000000 0.000000 1.500000
20 92 3 5.000000 0.000000 1.500000
20 93 3 5.000000 0.000000 1.500000
20 98 6 5.000000 0.000000 1.500000
20 100 12 5.000000 0.000000 1.500000
20 102 6 5.000000 0.000000 1.500000
20 104 5 5.000000 0.000000 1.500000
20 105 4 5.000000 0.000000 1.500000
20 106 9 5.000000 0.000000 1.500000
20 107 4 5.000000 0.000000 1.500000
20 108 6 5.000000 0.000000 1.500000
20 109 7 5.000000 0.000000 1.500000
20 111 11 5.000000 0.000000 1.500000
20 113 8 5.000000 0.000000 1.500000
20 114 8 5.000000 0.000000 1.500000
20 115 7 5.000000 0.000000 1.500000
20 116 5 5.000000 0.000000 1.500000
20 119 8 5.000000 0.000000 1.500000
20 121 7 5.000000 0.000000 1.500000
20 122 10 5.000000 0.000000 1.500000
20 123 12 5.000000 0.000000 1.500000
20 124 11 5.000000 0.000000 1.500000
20 126 6 5.000000 0.000000 1.500000
20 127 12 5.000000 0.000000 1.500000
20 128 11 5.000000 0.000000 1.500000
20 132 5 5.000000 0.000000 1.500000
20 134 13 5.000000 0.000000 1.500000
20 135 11 5.000000 0.000000 1.500000
20 139 9 5.000000 0.000000 1.500000
20 143 10 5.000000 0.000000 1.500000
20 150 6 5.000000 0.000000 1.500000
20 151 4 5.000000 0.000000 1.500000
20 152 12 5.000000 0.000000 1.500000
20 154 11 5.000000 0.000000 1.500000
20 156 14 5.000000 0.000000 1.500000
20 157 13 5.000000 0.000000 1.500000
20 158 12 5.000000 0.000000 1.500000
20 159 9 5.000000 0.000000 1.500000
20 160 5 5.000000 0.000000 1.500000
20 161 13 5.000000 0.000000 1.500000
20 164 5 5.000000 0.000000 1.500000
20 167 11 5.000000 0.000000 1.500000
20 168 5 5.000000 0.000000 1.500000
20 169 13 5.000000 0.000000 1.500000
20 171 15 5.000000 0.000000 1.500000
20 172 4 5.000000 0.000000 1.500000
20 173 9 5.000000 0.000000 1.500000
20 174 9 5.000000 0.000000 1.500000
20 176 14 5.000000 0.000000 1.500000
20 178 5 5.000000 0.000000 1.500000
20 179 9 5.000000 0.000000 1.500000
20 180 15 5.000000 0.000000 1.500000
20 181 13 5.000000 0.000000 1.500000
20 182 12 5.000000 0.000000 1.500000
20 183 7 5.000000 0.000000 1.500000
20 185 4 5.000000 0.000000 1.500000
20 186 15 5.000000 0.000000 1.500000
20 188 14 5.000000 0.000000 1.500000
20 189 4 5.000000 0.000000 1.500000
20 191 8 5.000000 0.000000 1.500000
20 192 13 5.000000 0.000000 1.500000
20 193 6 5.000000 0.000000 1.500000
20 195 13 5.000000 0.000000 1.500000
20 198 12 5.000000 0.000000 1.500000
20 199 9 5.000000 0.000000 1.500000
20 201 5 5.000000 0.000000 1.500000
20 203 10 5.000000 0.000000 1.500000
20 204 4 5.000000 0.000000 1.500000
20 205 9 5.000000 0.000000 1.500000
20 206 15 5.000000 0.000000 1.500000
20 207 9 5.000000 0.000000 1.500000
20 208 7 5.000000 0.000000 1.500000
20 210 6 5.000000 0.000000 1.500000
20 211 14 5.000000 0.000000 1.500000
20 212 11 5.000000 0.000000 1.500000
20 213 12 5.000000 0.000000 1.500000
20 214 12 5.000000 0.000000 1.500000
20 217 10 5.000000 0.000000 1.500000
20 218 8 5.000000 0.000000 1.500000
20 221 9 5.000000 0.000000 1.500000
20 222 14 5.000000 0.000000 1.500000
20 223 14 5.000000 0.000000 1.500000
20 225 14 5.000000 0.000000 1.500000
20 228 8 5.000000 0.000000 1.500000
20 229 11 5.000000 0.000000 1.500000
20 230 13 5.000000 0.000000 1.500000
20 231 7 5.000000 0.000000 1.500000
20 234 9 5.000000 0.000000 1.500000
20 235 6 5.000000 0.000000 1.500000
20 237 6 5.000000 0.000000 1.500000
20 238 13 5.000000 0.000000 1.500000
20 239 8 5.000000 0.000000 1.500000
20 242 11 5.000000 0.000000 1.500000
20 243 15 5.000000 0.000000 1.500000
20 245 12 5.000000 0.000000 1.500000
20 247 7 5.000000 0.000000 1.500000
20 248 7 5.000000 0.000000 1.500000
20 249 10 5.000000 0.000000 1.500000
20 251 5 5.000000 0.000000 1.500000
20 252 12 5.000000 0.000000 1.500000
20 253 5 5.000000 0.000000 1.500000
20 256 6 5.000000 0.000000 1.500000
20 258 6 5.000000 0.000000 1.500000
20 259 10 5.000000 0.000000 1.500000
20 260 14 5.000000 0.000000 1.500000
20 261 4 5.000000 0.000000 1.500000
20 263 14 5.000000 0.000000 1.500000
20 264 14 5.000000 0.000000 1.500000
20 265 6 5.000000 0.000000 1.500000
20 266 10 5.000000 0.000000 1.500000
20 267 11 5.000000 0.000000 1.500000
20 269 8 5.000000 0.000000 1.500000
20 271 6 5.000000 0.000000 1.500000
20 272 7 5.000000 0.000000 1.500000
20 273 11 5.000000 0.000000 1.500000
20 274 7 5.000000 0.000000 1.500000
20 276 5 5.000000 0.000000 1.500000
20 278 7 5.000000 0.000000 1.500000
20 280 13 5.000000 0.000000 1.500000
20 281 8 5.000000 0.000000 1.500000
20 283 11 5.000000 0.000000 1.500000
20 284 8 5.000000 0.000000 1.500000
20 286 12 5.000000 0.000000 1.500000
20 288 7 5.000000 0.000000 1.500000
20 290 6 5.000000 0.000000 1.500000
20 291 14 5.000000 0.000000 1.500000
20 293 7 5.000000 0.000000 1.500000
20 294 4 5.000000 0.000000 1.500000
20 295 4 5.000000 0.000000 1.500000
20 297 6 5.000000 0.000000 1.500000
20 298 12 5.000000 0.000000 1.500000
20 299 4 5.000000 0.000000 1.500000
20 304 5 5.000000 0.000000 1.500000
20 306 11 5.000000 0.000000 1.500000
20 307 9 5.000000 0.000000 1.500000
20 309 6 5.000000 0.000000 1.500000
20 312 5 5.000000 0.000000 1.500000
20 313 5 5.000000 0.000000 1.500000
20 314 13 5.000000 0.000000 1.500000
20 315 11 5.000000 0.000000 1.500000
20 316 12 5.000000 0.000000 1.500000
20 317 15 5.000000 0.000000 1.500000
20 319 7 5.000000 0.000000 1.500000
20 320 11 5.000000 0.000000 1.500000
20 321 14 5.000000 0.000000 1.500000
20 322 7 5.000000 0.000000 1.500000
20 323 4 5.000000 0.000000 1.500000
20 324 5 5.000000 0.000000 1.500000
20 325 8 5.000000 0.000000 1.500000
20 326 12 5.000000 0.000000 1.500000
20 327 6 5.000000 0.000000 1.500000
20 328 8 5.000000 0.000000 1.500000
20 329 15 5.000000 0.000000 1.500000
20 330 13 5.000000 0.000000 1.500000
20 332 7 5.000000 0.000000 1.500000
20 333 5 5.000000 0.000000 1.500000
20 334 9 5.000000 0.000000 1.500000
20 335 12 5.000000 0.000000 1.500000
20 336 11 5.000000 0.000000 1.500000
20 337 7 5.000000 0.000000 1.500000
20 338 10 5.000000 0.000000 1.500000
20 340 14 5.000000 0.000000 1.500000
20 341 12 5.000000 0.000000 1.500000
20 342 8 5.000000 0.000000 1.500000
20 343 13 5.000000 0.000000 1.500000
20 345 4 5.000000 0.000000 1.500000
20 346 6 5.000000 0.000000 1.500000
20 347 4 5.000000 0.000000 1.500000
20 350 13 5.000000 0.000000 1.500000
20 351 7 5.000000 0.000000 1.500000
20 352 15 5.000000 0.000000 1.500000
20 353 7 5.000000 0.000000 1.500000
20 354 14 5.000000 0.000000 1.500000
20 355 15 5.000000 0.000000 1.500000
20 358 4 5.000000 0.000000 1.500000
20 359 5 5.000000 0.000000 1.500000
20 361 14 5.000000 0.000000 1.500000
20 362 8 5.000000 0.000000 1.500000
20 364 13 5.000000 0.000000 1.500000
20 365 13 5.000000 0.000000 1.500000
20 367 12 5.000000 0.000000 1.500000
20 369 12 5.000000 0.000000 1.500000
20 371 4 5.000000 0.000000 1.500000
20 373 6 5.000000 0.000000 1.500000
20 374 10 5.000000 0.000000 1.500000
20 375 8 5.000000 0.000000 1.500000
20 377 14 5.000000 0.000000 1.500000
20 378 13 5.000000 0.000000 1.500000
20 379 12 5.000000 0.000000 1.500000
20 380 9 5.000000 0.000000 1.500000
20 381 8 5.000000 0.000000 1.500000
20 383 6 5.000000 0.000000 1.500000
20 386 5 5.000000 0.000000 1.500000
20 387 13 5.000000 0.000000 1.500000
20 388 11 5.000000 0.000000 1.500000
20 389 15 5.000000 0.000000 1.500000
20 390 7 5.000000 0.000000 1.500000
20 392 6 5.000000 0.000000 1.500000
20 393 13 5.000000 0.000000 1.500000
20 395 9 5.000000 0.000000 1.500000
20 396 8 5.000000 0.000000 1.500000
20 398 6 5.000000 0.000000 1.500000
20 399 4 5.000000 0.000000 1.500000
20 400 4 5.000000 0.000000 1.500000
20 401 6 5.000000 0.000000 1.500000
20 403 8 5.000000 0.000000 1.500000
20 406 13 5.000000 0.000000 1.500000
20 407 9 5.000000 0.000000 1.500000
20 408 12 5.000000 0.000000 1.500000
20 410 10 5.000000 0.000000 1.500000
20 411 9 5.000000 0.000000 1.500000
20 412 11 5.000000 0.000000 1.500000
20 413 6 5.000000 0.000000 1.500000
20 414 10 5.000000 0.000000 1.500000
20 415 7 5.000000 0.000000 1.500000
20 419 8 5.000000 0.000000 1.500000
20 423 7 5.000000 0.000000 1.500000
20 424 12 5.000000 0.000000 1.500000
20 428 8 5.000000 0.000000 1.500000
20 430 4 5.000000 0.000000 1.500000
20 431 14 5.000000 0.000000 1.500000
20 433 11 5.000000 0.000000 1.500000
20 434 7 5.000000 0.000000 1.500000
20 435 12 5.000000 0.000000 1.500000
20 439 11 5.000000 0.000000 1.500000
20 442 14 5.000000 0.000000 1.500000
20 443 11 5.000000 0.000000 1.500000
20 448 12 5.000000 0.000000 1.500000
20 450 14 5.000000 0.000000 1.500000
20 451 13 5.000000 0.000000 1.500000
20 452 13 5.000000 0.000000 1.500000
20 453 13 5.000000 0.000000 1.500000
20 454 11 5.000000 0.000000 1.500000
20 455 15 5.000000 0.000000 1.500000
20 457 5 5.000000 0.000000 1.500000
20 458 11 5.000000 0.000000 1.500000
20 459 11 5.000000 0.000000 1.500000
20 462 9 5.000000 0.000000 1.500000
20 465 13 5.000000 0.000000 1.500000
20 466 7 5.000000 0.000000 1.500000
20 467 4 5.000000 0.000000 1.500000
20 468 5 5.000000 0.000000 1.500000
20 469 6 5.000000 0.000000 1.500000
20 471 10 5.000000 0.000000 1.500000
20 473 12 5.000000 0.000000 1.500000
20 474 4 5.000000 0.000000 1.500000
20 475 13 5.000000 0.000000 1.500000
20 476 11 5.000000 0.000000 1.500000
20 477 13 5.000000 0.000000 1.500000
20 481 8 5.000000 0.000000 1.500000
20 482 11 5.000000 0.000000 1.500000
20 484 8 5.000000 0.000000 1.500000
20 485 13 5.000000 0.000000 1.500000
20 486 6 5.000000 0.000000 1.500000
20 487 15 5.000000 0.000000 1.500000
20 489 14 5.000000 0.000000 1.500000
20 490 14 5.000000 0.000000 1.500000
20 491 12 5.000000 0.000000 1.500000
20 492 11 5.000000 0.000000 1.500000
20 493 12 5.000000 0.000000 1.500000
20 494 14 5.000000 0.000000 1.500000
20 496 14 5.000000 0.000000 1.500000
20 499 10 5.000000 0.000000 1.500000
20 500 11 5.000000 0.000000 1.500000
20 501 11 5.000000 0.000000 1.500000
20 504 11 5.000000 0.000000 1.500000
20 505 6 5.000000 0.000000 1.500000
20 506 11 5.000000 0.000000 1.500000
20 508 6 5.000000 0.000000 1.500000
20 511 10 5.000000 0.000000 1.500000
20 512 5 5.000000 0.000000 1.500000
20 515 4 5.000000 0.000000 1.500000
20 516 6 5.000000 0.000000 1.500000
20 519 4 5.000000 0.000000 1.500000
20 522 7 5.000000 0.000000 1.500000
20 523 12 5.000000 0.000000 1.500000
20 524 15 5.000000 0.000000 1.500000
20 525 7 5.000000 0.000000 1.500000
20 526 13 5.000000 0.000000 1.500000
20 528 4 5.000000 0.000000 1.500000
20 529 14 5.000000 0.000000 1.500000
20 532 13 5.000000 0.000000 1.500000
20 534 9 5.000000 0.000000 1.500000
20 535 12 5.000000 0.000000 1.500000
20 536 7 5.000000 0.000000 1.500000
20 537 8 5.000000 0.000000 1.500000
20 539 8 5.000000 0.000000 1.500000
20 541 4 5.000000 0.000000 1.500000
20 542 7 5.000000 0.000000 1.500000
20 543 5 5.000000 0.000000 1.500000
20 545 10 5.000000 0.000000 1.500000
20 546 10 5.000000 0.000000 1.500000
20 547 6 5.000000 0.000000 1.500000
20 548 9 5.000000 0.000000 1.500000
20 549 13 5.000000 0.000000 1.500000
20 551 12 5.000000 0.000000 1.500000
20 553 15 5.000000 0.000000 1.500000
20 554 12 5.000000 0.000000 1.500000
20 555 15 5.000000 0.000000 1.500000
20 558 12 5.000000 0.000000 1.500000
20 559 15 5.000000 0.000000 1.500000
20 560 7 5.000000 0.000000 1.500000
20 561 15 5.000000 0.000000 1.500000
20 562 7 5.000000 0.000000 1.500000
20 565 9 5.000000 0.000000 1.500000
20 566 13 5.000000 0.000000 1.500000
20 567 12 5.000000 0.000000 1.500000
20 568 6 5.000000 0.000000 1.500000
20 570 14 5.000000 0.000000 1.500000
20 571 9 5.000000 0.000000 1.500000
20 572 9 5.000000 0.000000 1.500000
20 573 12 5.000000 0.000000 1.500000
20 576 14 5.000000 0.000000 1.500000
20 577 5 5.000000 0.000000 1.500000
20 578 5 5.000000 0.000000 1.500000
20 579 5 5.000000 0.000000 1.500000
20 582 12 5.000000 0.000000 1.500000
20 583 8 5.000000 0.000000 1.500000
20 584 12 5.000000 0.000000 1.500000
20 585 10 5.000000 0.000000 1.500000
20 586 8 5.000000 0.000000 1.500000
20 587 4 5.000000 0.000000 1.500000
20 588 4 5.000000 0.000000 1.500000
20 589 8 5.000000 0.000000 1.500000
20 590 15 5.000000 0.000000 1.500000
20 591 4 5.000000 0.000000 1.500000
20 592 11 5.000000 0.000000 1.500000
20 593 6 5.000000 0.000000 1.500000
20 595 7 5.000000 0.000000 1.500000
20 596 12 5.000000 0.000000 1.500000
20 597 15 5.000000 0.000000 1.500000
20 600 7 5.000000 0.000000 1.500000
20 601 9 5.000000 0.000000 1.500000
20 602 13 5.000000 0.000000 1.500000
20 603 4 5.000000 0.000000 1.500000
20 604 8 5.000000 0.000000 1.500000
20 605 6 5.000000 0.000000 1.500000
20 606 13 5.000000 0.000000 1.500000
20 607 15 5.000000 0.000000 1.500000
20 608 14 5.000000 0.000000 1.500000
20 612 5 5.000000 0.000000 1.500000
20 614 11 5.000000 0.000000 1.500000
20 615 15 5.000000 0.000000 1.500000
20 616 15 5.000000 0.000000 1.500000
20 617 14 5.000000 0.000000 1.500000
20 619 6 5.000000 0.000000 1.500000
20 620 11 5.000000 0.000000 1.500000
20 622 9 5.000000 0.000000 1.500000
20 623 5 5.000000 0.000000 1.500000
20 625 11 5.000000 0.000000 1.500000
20 628 8 5.000000 0.000000 1.500000
20 633 9 5.000000 0.000000 1.500000
20 635 5 5.000000 0.000000 1.500000
20 636 4 5.000000 0.000000 1.500000
20 637 7 5.000000 0.000000 1.500000
20 638 5 5.000000 0.000000 1.500000
20 639 9 5.000000 0.000000 1.500000
20 640 7 5.000000 0.000000 1.500000
20 641 4 5.000000 0.000000 1.500000
20 643 9 5.000000 0.000000 1.500000
20 644 8 5.000000 0.000000 1.500000
20 645 15 5.000000 0.000000 1.500000
20 646 13 5.000000 0.000000 1.500000
20 647 12 5.000000 0.000000 1.500000
20 650 14 5.000000 0.000000 1.500000
20 651 7 5.000000 0.000000 1.500000
20 653 8 5.000000 0.000000 1.500000
20 654 7 5.000000 0.000000 1.500000
20 655 10 5.000000 0.000000 1.500000
20 656 6 5.000000 0.000000 1.500000
20 658 12 5.000000 0.000000 1.500000
20 660 14 5.000000 0.000000 1.500000
20 662 5 5.000000 0.000000 1.500000
20 663 15 5.000000 0.000000 1.500000
20 664 13 5.000000 0.000000 1.500000
20 665 6 5.000000 0.000000 1.500000
20 667 13 5.000000 0.000000 1.500000
20 669 8 5.000000 0.000000 1.500000
20 670 9 5.000000 0.000000 1.500000
20 671 10 5.000000 0.000000 1.500000
20 673 4 5.000000 0.000000 1.500000
20 674 14 5.000000 0.000000 1.500000
20 675 8 5.000000 0.000000 1.500000
20 676 12 5.000000 0.000000 1.500000
20 678 7 5.000000 0.000000 1.500000
20 679 12 5.000000 0.000000 1.500000
20 680 13 5.000000 0.000000 1.500000
20 681 11 5.000000 0.000000 1.500000
20 682 4 5.000000 0.000000 1.500000
20 684 8 5.000000 0.000000 1.500000
20 685 5 5.000000 0.000000 1.500000
20 686 7 5.000000 0.000000 1.500000
20 687 5 5.000000 0.000000 1.500000
20 689 7 5.000000 0.000000 1.500000
20 690 12 5.000000 0.000000 1.500000
20 691 6 5.000000 0.000000 1.500000
20 693 9 5.000000 0.000000 1.500000
20 694 11 5.000000 0.000000 1.500000
20 696 7 5.000000 0.000000 1.500000
20 697 13 5.000000 0.000000 1.500000
20 698 11 5.000000 0.000000 1.500000
20 699 13 5.000000 0.000000 1.500000
20 701 11 5.000000 0.000000 1.500000
20 702 13 5.000000 0.000000 1.500000
20 703 9 5.000000 0.000000 1.500000
20 705 14 5.000000 0.000000 1.500000
20 706 9 5.000000 0.000000 1.500000
20 707 4 5.000000 0.000000 1.500000
20 708 13 5.000000 0.000000 1.500000
20 709 6 5.000000 0.000000 1.500000
20 710 5 5.000000 0.000000 1.500000
20 712 6 5.000000 0.000000 1.500000
20 713 15 5.000000 0.000000 1.500000
20 715 12 5.000000 0.000000 1.500000
20 716 5 5.000000 0.000000 1.500000
20 718 8 5.000000 0.000000 1.500000
20 719 15 5.000000 0.000000 1.500000
20 721 11 5.000000 0.000000 1.500000
20 722 7 5.000000 0.000000 1.500000
20 725 12 5.000000 0.000000 1.500000
20 727 13 5.000000 0.000000 1.500000
20 728 12 5.000000 0.000000 1.500000
20 731 11 5.000000 0.000000 1.500000
20 732 15 5.000000 0.000000 1.500000
20 733 9 5.000000 0.000000 1.500000
20 736 5 5.000000 0.000000 1.500000
20 737 15 5.000000 0.000000 1.500000
20 738 15 5.000000 0.000000 1.500000
20 739 7 5.000000 0.000000 1.500000
20 741 14 5.000000 0.000000 1.500000
20 743 12 0.000000 0.000000 1.500000
20 822 0 0.000000 2.500000 1.500000
20 820 0 0.000000 2.500000 1.500000
20 819 0 0.000000 2.500000 1.500000
20 817 0 0.000000 2.500000 1.500000
20 816 0 0.000000 2.500000 1.500000
20 815 0 0.000000 2.500000 1.500000
20 812 0 0.000000 2.500000 1.500000
20 811 0 0.000000 2.500000 1.500000
20 810 0 0.000000 2.500000 1.500000
20 809 0 0.000000 2.500000 1.500000
20 808 0 0.000000 2.500000 1.500000
20 807 0 0.000000 2.500000 1.500000
20 806 0 0.000000 2.500000 1.500000
20 804 0 0.000000 2.500000 1.500000
20 803 0 0.000000 2.500000 1.500000
20 802 0 0.000000 2.500000 1.500000
20 801 0 0.000000 2.500000 1.500000
20 800 0 0.000000 2.500000 1.500000
20 798 0 0.000000 2.500000 1.500000
20 797 0 0.000000 2.500000 1.500000
20 796 0 0.000000 2.500000 1.500000
20 793 0 0.000000 2.500000 1.500000
20 792 0 0.000000 2.500000 1.500000
20 791 0 0.000000 2.500000 1.500000
20 788 0 0.000000 2.500000 1.500000
20 787 0 0.000000 2.500000 1.500000
20 785 0 0.000000 2.500000 1.500000
20 784 0 0.000000 2.500000 1.500000
20 781 0 0.000000 2.500000 1.500000
20 779 0 0.000000 2.500000 1.500000
20 778 0 0.000000 2.500000 1.500000
20 776 0 0.000000 2.500000 1.500000
20 775 0 0.000000 2.500000 1.500000
20 774 0 0.000000 2.500000 1.500000
20 773 0 0.000000 2.500000 1.500000
20 772 0 0.000000 2.500000 1.500000
20 771 0 0.000000 2.500000 1.500000
20 769 0 0.000000 2.500000 1.500000
20 767 0 0.000000 2.500000 1.500000
20 766 0 0.000000 2.500000 1.500000
20 765 0 0.000000 2.500000 1.500000
20 764 0 0.000000 2.500000 1.500000
20 763 0 0.000000 2.500000 1.500000
20 762 0 0.000000 2.500000 1.500000
20 761 0 0.000000 2.500000 1.500000
20 760 0 0.000000 2.500000 1.500000
20 759 0 0.000000 2.500000 1.500000
20 757 0 0.000000 2.500000 1.500000
20 756 0 0.000000 2.500000 1.500000
20 755 0 0.000000 2.500000 1.500000
20 754 0 0.000000 2.500000 1.500000
20 752 0 0.000000 2.500000 1.500000
20 751 0 0.000000 2.500000 1.500000
20 748 0 0.000000 2.500000 1.500000
20 745 0 0.000000 2.500000 1.500000
20 782 0 0.000000 2.500000 1.500000
20 805 0 0.000000 2.500000 1.500000
20 744 0 0.000000 2.500000 1.500000
20 758 0 0.000000 2.500000 1.500000
20 770 0 0.000000 2.500000 1.500000
20 780 0 0.000000 2.500000 1.500000
20 783 0 0.000000 2.500000 1.500000
20 790 0 0.000000 2.500000 1.500000
20 813 0 0.000000 2.500000 1.500000
20 814 0 0.000000 2.500000 1.500000
20 729 10 5.000000 0.000000 1.500000
20 724 7 5.000000 0.000000 1.500000
20 717 15 5.000000 0.000000 1.500000
20 714 6 5.000000 0.000000 1.500000
20 711 6 5.000000 0.000000 1.500000
20 700 8 5.000000 0.000000 1.500000
20 695 7 5.000000 0.000000 1.500000
20 677 7 5.000000 0.000000 1.500000
20 668 10 5.000000 0.000000 1.500000
20 666 14 5.000000 0.000000 1.500000
20 659 14 5.000000 0.000000 1.500000
20 657 7 5.000000 0.000000 1.500000
20 648 14 5.000000 0.000000 1.500000
20 642 12 5.000000 0.000000 1.500000
20 631 14 5.000000 0.000000 1.500000
20 627 4 5.000000 0.000000 1.500000
20 624 5 5.000000 0.000000 1.500000
20 618 12 5.000000 0.000000 1.500000
20 610 15 5.000000 0.000000 1.500000
20 581 14 5.000000 0.000000 1.500000
20 580 9 5.000000 0.000000 1.500000
20 575 15 5.000000 0.000000 1.500000
20 552 6 5.000000 0.000000 1.500000
20 550 9 5.000000 0.000000 1.500000
20 533 12 5.000000 0.000000 1.500000
20 530 6 5.000000 0.000000 1.500000
20 518 7 5.000000 0.000000 1.500000
20 517 4 5.000000 0.000000 1.500000
20 502 14 5.000000 0.000000 1.500000
20 495 5 5.000000 0.000000 1.500000
20 480 7 5.000000 0.000000 1.500000
20 479 10 5.000000 0.000000 1.500000
20 472 6 5.000000 0.000000 1.500000
20 470 11 5.000000 0.000000 1.500000
20 463 7 5.000000 0.000000 1.500000
20 461 7 5.000000 0.000000 1.500000
20 460 7 5.000000 0.000000 1.500000
20 456 10 5.000000 0.000000 1.500000
20 449 10 5.000000 0.000000 1.500000
20 445 9 5.000000 0.000000 1.500000
20 444 13 5.000000 0.000000 1.500000
20 436 14 5.000000 0.000000 1.500000
20 432 12 5.000000 0.000000 1.500000
20 421 5 5.000000 0.000000 1.500000
20 420 14 5.000000 0.000000 1.500000
20 416 13 5.000000 0.000000 1.500000
20 405 7 5.000000 0.000000 1.500000
20 404 6 5.000000 0.000000 1.500000
20 397 14 5.000000 0.000000 1.500000
20 394 4 5.000000 0.000000 1.500000
20 391 9 5.000000 0.000000 1.500000
20 382 13 5.000000 0.000000 1.500000
20 376 12 5.000000 0.000000 1.500000
20 368 12 5.000000 0.000000 1.500000
20 363 13 5.000000 0.000000 1.500000
20 357 9 5.000000 0.000000 1.500000
20 356 11 5.000000 0.000000 1.500000
20 349 7 5.000000 0.000000 1.500000
20 318 4 5.000000 0.000000 1.500000
20 310 7 5.000000 0.000000 1.500000
20 302 9 5.000000 0.000000 1.500000
20 301 11 5.000000 0.000000 1.500000
20 300 7 5.000000 0.000000 1.500000
20 296 11 5.000000 0.000000 1.500000
20 292 15 5.000000 0.000000 1.500000
20 287 11 5.000000 0.000000 1.500000
20 285 12 5.000000 0.000000 1.500000
20 282 5 5.000000 0.000000 1.500000
20 279 15 5.000000 0.000000 1.500000
20 275 5 5.000000 0.000000 1.500000
20 270 14 5.000000 0.000000 1.500000
20 268 10 5.000000 0.000000 1.500000
20 255 7 5.000000 0.000000 1.500000
20 246 14 5.000000 0.000000 1.500000
20 241 12 5.000000 0.000000 1.500000
20 240 6 5.000000 0.000000 1.500000
20 232 8 5.000000 0.000000 1.500000
20 226 5 5.000000 0.000000 1.500000
20 220 4 5.000000 0.000000 1.500000
20 216 5 5.000000 0.000000 1.500000
20 209 7 5.000000 0.000000 1.500000
20 196 13 5.000000 0.000000 1.500000
20 190 6 5.000000 0.000000 1.500000
20 184 10 5.000000 0.000000 1.500000
20 175 7 5.000000 0.000000 1.500000
20 170 14 5.000000 0.000000 1.500000
20 166 5 5.000000 0.000000 1.500000
20 165 14 5.000000 0.000000 1.500000
20 155 14 5.000000 0.000000 1.500000
20 148 8 5.000000 0.000000 1.500000
20 147 8 5.000000 0.000000 1.500000
20 144 5 5.000000 0.000000 1.500000
20 141 12 5.000000 0.000000 1.500000
20 138 4 5.000000 0.000000 1.500000
20 137 5 5.000000 0.000000 1.500000
20 136 12 5.000000 0.000000 1.500000
20 130 13 5.000000 0.000000 1.500000
20 129 6 5.000000 0.000000 1.500000
20 125 5 5.000000 0.000000 1.500000
20 120 13 5.000000 0.000000 1.500000
20 117 13 5.000000 0.000000 1.500000
20 112 5 5.000000 0.000000 1.500000
20 99 14 5.000000 0.000000 1.500000
20 95 11 5.000000 0.000000 1.500000
20 94 3 5.000000 0.000000 1.500000
20 86 3 5.000000 0.000000 1.500000
20 83 3 5.000000 0.000000 1.500000
20 77 3 5.000000 0.000000 1.500000
20 66 2 5.000000 0.000000 1.500000
20 65 2 5.000000 0.000000 1.500000
20 56 1 5.000000 0.000000 1.500000
20 54 1 5.000000 0.000000 1.500000
20 51 1 5.000000 0.000000 1.500000
20 50 1 5.000000 0.000000 1.500000
20 46 1 5.000000 0.000000 1.500000
20 38 1 5.000000 0.000000 1.500000
20 31 9 5.000000 0.000000 1.500000
20 28 6 5.000000 0.000000 1.500000
20 27 5 5.000000 0.000000 1.500000
20 29 7 5.000000 0.000000 1.500000
20 33 11 5.000000 0.000000 1.500000
20 35 13 5.000000 0.000000 1.500000
20 41 1 5.000000 0.000000 1.500000
20 45 1 5.000000 0.000000 1.500000
20 53 1 5.000000 0.000000 1.500000
20 57 2 5.000000 0.000000 1.500000
20 58 2 5.000000 0.000000 1.500000
20 70 2 5.000000 0.000000 1.500000
20 72 2 5.000000 0.000000 1.500000
20 89 3 5.000000 0.000000 1.500000
20 91 3 5.000000 0.000000 1.500000
20 96 5 5.000000 0.000000 1.500000
20 97 9 5.000000 0.000000 1.500000
20 101 4 5.000000 0.000000 1.500000
20 103 15 5.000000 0.000000 1.500000
20 110 15 5.000000 0.000000 1.500000
20 118 9 5.000000 0.000000 1.500000
20 131 11 5.000000 0.000000 1.500000
20 133 7 5.000000 0.000000 1.500000
20 140 9 5.000000 0.000000 1.500000
20 142 11 5.000000 0.000000 1.500000
20 145 9 5.000000 0.000000 1.500000
20 146 9 5.000000 0.000000 1.500000
20 149 8 5.000000 0.000000 1.500000
20 153 10 5.000000 0.000000 1.500000
20 162 4 5.000000 0.000000 1.500000
20 163 4 5.000000 0.000000 1.500000
20 177 13 5.000000 0.000000 1.500000
20 187 9 5.000000 0.000000 1.500000
20 194 4 5.000000 0.000000 1.500000
20 197 15 5.000000 0.000000 1.500000
20 200 6 5.000000 0.000000 1.500000
20 202 13 5.000000 0.000000 1.500000
20 215 4 5.000000 0.000000 1.500000
20 219 11 5.000000 0.000000 1.500000
20 224 10 5.000000 0.000000 1.500000
20 227 14 5.000000 0.000000 1.500000
20 233 7 5.000000 0.000000 1.500000
20 236 7 5.000000 0.000000 1.500000
20 244 14 5.000000 0.000000 1.500000
20 250 15 5.000000 0.000000 1.500000
20 254 10 5.000000 0.000000 1.500000
20 257 9 5.000000 0.000000 1.500000
20 262 12 5.000000 0.000000 1.500000
20 277 12 5.000000 0.000000 1.500000
20 289 13 5.000000 0.000000 1.500000
20 303 9 5.000000 0.000000 1.500000
20 305 13 5.000000 0.000000 1.500000
20 308 6 5.000000 0.000000 1.500000
20 311 4 5.000000 0.000000 1.500000
20 331 11 5.000000 0.000000 1.500000
20 339 7 5.000000 0.000000 1.500000
20 344 7 5.000000 0.000000 1.500000
20 348 9 5.000000 0.000000 1.500000
20 360 11 5.000000 0.000000 1.500000
20 366 13 5.000000 0.000000 1.500000
20 370 13 5.000000 0.000000 1.500000
20 372 4 5.000000 0.000000 1.500000
20 384 15 5.000000 0.000000 1.500000
20 385 13 5.000000 0.000000 1.500000
20 402 13 5.000000 0.000000 1.500000
20 409 6 5.000000 0.000000 1.500000
20 417 9 5.000000 0.000000 1.500000
20 418 15 5.000000 0.000000 1.500000
20 422 9 5.000000 0.000000 1.500000
20 425 13 5.000000 0.000000 1.500000
20 426 13 5.000000 0.000000 1.500000
20 427 13 5.000000 0.000000 1.500000
20 429 10 5.000000 0.000000 1.500000
20 437 7 5.000000 0.000000 1.500000
20 438 10 5.000000 0.000000 1.500000
20 440 6 5.000000 0.000000 1.500000
20 441 4 5.000000 0.000000 1.500000
20 446 6 5.000000 0.000000 1.500000
20 447 9 5.000000 0.000000 1.500000
20 464 7 5.000000 0.000000 1.500000
20 478 8 5.000000 0.000000 1.500000
20 483 12 5.000000 0.000000 1.500000
20 488 12 5.000000 0.000000 1.500000
20 497 9 5.000000 0.000000 1.500000
20 498 15 5.000000 0.000000 1.500000
20 503 4 5.000000 0.000000 1.500000
20 507 13 5.000000 0.000000 1.500000
20 509 10 5.000000 0.000000 1.500000
20 510 15 5.000000 0.000000 1.500000
20 513 12 5.000000 0.000000 1.500000
20 514 4 5.000000 0.000000 1.500000
20 520 12 5.000000 0.000000 1.500000
20 521 6 5.000000 0.000000 1.500000
20 527 9 5.000000 0.000000 1.500000
20 531 9 5.000000 0.000000 1.500000
20 538 9 5.000000 0.000000 1.500000
20 540 10 5.000000 0.000000 1.500000
20 544 11 5.000000 0.000000 1.500000
20 556 13 5.000000 0.000000 1.500000
20 557 6 5.000000 0.000000 1.500000
20 563 6 5.000000 0.000000 1.500000
20 564 9 5.000000 0.000000 1.500000
20 569 7 5.000000 0.000000 1.500000
20 574 11 5.000000 0.000000 1.500000
20 594 13 5.000000 0.000000 1.500000
20 598 11 5.000000 0.000000 1.500000
20 599 8 5.000000 0.000000 1.500000
20 609 11 5.000000 0.000000 1.500000
20 611 14 5.000000 0.000000 1.500000
20 613 11 5.000000 0.000000 1.500000
20 621 4 5.000000 0.000000 1.500000
20 626 4 5.000000 0.000000 1.500000
20 629 13 5.000000 0.000000 1.500000
20 630 15 5.000000 0.000000 1.500000
20 632 8 5.000000 0.000000 1.500000
20 634 13 5.000000 0.000000 1.500000
20 649 4 5.000000 0.000000 1.500000
20 652 12 5.000000 0.000000 1.500000
20 661 14 5.000000 0.000000 1.500000
20 672 15 5.000000 0.000000 1.500000
20 683 4 5.000000 0.000000 1.500000
20 688 10 5.000000 0.000000 1.500000
20 692 7 5.000000 0.000000 1.500000
20 704 9 5.000000 0.000000 1.500000
20 720 8 5.000000 0.000000 1.500000
20 723 7 5.000000 0.000000 1.500000
20 726 12 5.000000 0.000000 1.500000
20 730 7 5.000000 0.000000 1.500000
20 734 4 5.000000 0.000000 1.500000
20 735 13 5.000000 0.000000 1.500000
20 740 14 5.000000 0.000000 1.500000
20 742 15 5.000000 0.000000 1.500000
20 821 0 0.000000 2.500000 1.500000
20 818 0 0.000000 2.500000 1.500000
20 799 0 0.000000 2.500000 1.500000
20 795 0 0.000000 2.500000 1.500000
20 794 0 0.000000 2.500000 1.500000
20 789 0 0.000000 2.500000 1.500000
20 786 0 0.000000 2.500000 1.500000
20 777 0 0.000000 2.500000 1.500000
20 768 0 0.000000 2.500000 1.500000
20 753 0 0.000000 2.500000 1.500000
20 750 0 0.000000 2.500000 1.500000
20 749 0 0.000000 2.500000 1.500000
20 747 0 0.000000 2.500000 1.500000
20 746 0 0.000000 2.500000 1.500000
40 23 1 5.000000 0.000000 1.497920
40 24 2 5.000000 0.000000 1.497920
40 30 8 5.000000 0.000000 1.497920
40 32 10 5.000000 0.000000 1.497920
40 34 12 5.000000 0.000000 1.497920
40 36 14 5.000000 0.000000 1.497920
40 42 1 5.000000 0.000000 1.497920
40 43 1 5.000000 0.000000 1.497920
40 44 1 5.000000 0.000000 1.497920
40 47 1 5.000000 0.000000 1.497920
40 48 1 5.000000 0.000000 1.497920
40 49 1 5.000000 0.000000 1.497920
40 52 1 5.000000 0.000000 1.497920
40 60 2 5.000000 0.000000 1.497920
40 61 2 5.000000 0.000000 1.497920
40 62 2 5.000000 0.000000 1.497920
40 64 2 5.000000 0.000000 1.497920
40 68 2 5.000000 0.000000 1.497920
40 69 2 5.000000 0.000000 1.497920
40 74 2 5.000000 0.000000 1.497920
40 75 2 5.000000 0.000000 1.497920
40 76 3 5.000000 0.000000 1.497920
40 78 3 5.000000 0.000000 1.497920
40 79 3 5.000000 0.000000 1.497920
40 80 3 5.000000 0.000000 1.497920
40 81 3 5.000000 0.000000 1.497920
40 82 3 5.000000 0.000000 1.497920
40 84 3 5.000000 0.000000 1.497920
40 87 3 5.000000 0.000000 1.497920
40 88 3 5.000000 0.000000 1.497920
40 100 12 5.000000 0.000000 1.497920
40 102 6 5.000000 0.000000 1.497920
40 104 5 5.000000 0.000000 1.497920
40 106 9 5.000000 0.000000 1.497920
40 108 6 5.000000 0.000000 1.497920
40 111 11 5.000000 0.000000 1.497920
40 115 7 5.000000 0.000000 1.497920
40 116 5 5.000000 0.000000 1.497920
40 122 10 5.000000 0.000000 1.497920
40 123 12 5.000000 0.000000 1.497920
40 124 11 5.000000 0.000000 1.497920
40 126 6 5.000000 0.000000 1.497920
40 128 11 5.000000 0.000000 1.497920
40 132 5 5.000000 0.000000 1.497920
40 134 13 5.000000 0.000000 1.497920
40 139 9 5.000000 0.000000 1.497920
40 143 10 5.000000 0.000000 1.497920
40 152 12 5.000000 0.000000 1.497920
40 154 11 5.000000 0.000000 1.497920
40 156 14 5.000000 0.000000 1.497920
40 159 9 5.000000 0.000000 1.497920
40 161 13 5.000000 0.000000 1.497920
40 174 9 5.000000 0.000000 1.497920
40 176 14 5.000000 0.000000 1.497920
40 178 5 5.000000 0.000000 1.497920
40 180 15 5.000000 0.000000 1.497920
40 181 13 5.000000 0.000000 1.497920
40 182 12 5.000000 0.000000 1.497920
40 183 7 5.000000 0.000000 1.497920
40 185 4 5.000000 0.000000 1.497920
40 188 14 5.000000 0.000000 1.497920
40 193 6 5.000000 0.000000 1.497920
40 195 13 5.000000 0.000000 1.497920
40 199 9 5.000000 0.000000 1.497920
40 201 5 5.000000 0.000000 1.497920
40 203 10 5.000000 0.000000 1.497920
40 205 9 5.000000 0.000000 1.497920
40 206 15 5.000000 0.000000 1.497920
40 208 7 5.000000 0.000000 1.497920
40 210 6 5.000000 0.000000 1.497920
40 211 14 5.000000 0.000000 1.497920
40 212 11 5.000000 0.000000 1.497920
40 214 12 5.000000 0.000000 1.497920
40 217 10 5.000000 0.000000 1.497920
40 218 8 5.000000 0.000000 1.497920
40 221 9 5.000000 0.000000 1.497920
40 222 14 5.000000 0.000000 1.497920
40 223 14 5.000000 0.000000 1.497920
40 228 8 5.000000 0.000000 1.497920
40 230 13 5.000000 0.000000 1.497920
40 234 9 5.000000 0.000000 1.497920
40 235 6 5.000000 0.000000 1.497920
40 237 6 5.000000 0.000000 1.497920
40 239 8 5.000000 0.000000 1.497920
40 247 7 5.000000 0.000000 1.497920
40 248 7 5.000000 0.000000 1.497920
40 249 10 5.000000 0.000000 1.497920
40 251 5 5.000000 0.000000 1.497920
40 252 12 5.000000 0.000000 1.497920
40 253 5 5.000000 0.000000 1.497920
40 256 6 5.000000 0.000000 1.497920
40 258 6 5.000000 0.000000 1.497920
40 259 10 5.000000 0.000000 1.497920
40 260 14 5.000000 0.000000 1.497920
40 263 14 5.000000 0.000000 1.497920
40 265 6 5.000000 0.000000 1.497920
40 266 10 5.000000 0.000000 1.497920
40 267 11 5.000000 0.000000 1.497920
40 269 8 5.000000 0.000000 1.497920
40 272 7 5.000000 0.000000 1.497920
40 273 11 5.000000 0.000000 1.497920
40 276 5 5.000000 0.000000 1.497920
40 278 7 5.000000 0.000000 1.497920
40 280 13 5.000000 0.000000 1.497920
40 286 12 5.000000 0.000000 1.497920
40 288 7 5.000000 0.000000 1.497920
40 291 14 5.000000 0.000000 1.497920
40 294 4 5.000000 0.000000 1.497920
40 295 4 5.000000 0.000000 1.497920
40 297 6 5.000000 0.000000 1.497920
40 298 12 5.000000 0.000000 1.497920
40 299 4 5.000000 0.000000 1.497920
40 306 11 5.000000 0.000000 1.497920
40 309 6 5.000000 0.000000 1.497920
40 315 11 5.000000 0.000000 1.497920
40 316 12 5.000000 0.000000 1.497920
40 317 15 5.000000 0.000000 1.497920
40 319 7 5.000000 0.000000 1.497920
40 320 11 5.000000 0.000000 1.497920
40 321 14 5.000000 0.000000 1.497920
40 323 4 5.000000 0.000000 1.497920
40 324 5 5.000000 0.000000 1.497920
40 327 6 5.000000 0.000000 1.497920
40 329 15 5.000000 0.000000 1.497920
40 330 13 5.000000 0.000000 1.497920
40 333 5 5.000000 0.000000 1.497920
40 335 12 5.000000 0.000000 1.497920
40 337 7 5.000000 0.000000 1.497920
40 338 10 5.000000 0.000000 1.497920
40 340 14 5.000000 0.000000 1.497920
40 341 12 5.000000 0.000000 1.497920
40 343 13 5.000000 0.000000 1.497920
40 345 4 5.000000 0.000000 1.497920
40 347 4 5.000000 0.000000 1.497920
40 351 7 5.000000 0.000000 1.497920
40 352 15 5.000000 0.000000 1.497920
40 353 7 5.000000 0.000000 1.497920
40 354 14 5.000000 0.000000 1.497920
40 355 15 5.000000 0.000000 1.497920
40 358 4 5.000000 0.000000 1.497920
40 359 5 5.000000 0.000000 1.497920
40 361 14 5.000000 0.000000 1.497920
40 365 13 5.000000 0.000000 1.497920
40 367 12 5.000000 0.000000 1.497920
40 371 4 5.000000 0.000000 1.497920
40 374 10 5.000000 0.000000 1.497920
40 375 8 5.000000 0.000000 1.497920
40 377 14 5.000000 0.000000 1.497920
40 380 9 5.000000 0.000000 1.497920
40 381 8 5.000000 0.000000 1.497920
40 387 13 5.000000 0.000000 1.497920
40 388 11 5.000000 0.000000 1.497920
40 390 7 5.000000 0.000000 1.497920
40 392 6 5.000000 0.000000 1.497920
40 393 13 5.000000 0.000000 1.497920
40 395 9 5.000000 0.000000 1.497920
40 396 8 5.000000 0.000000 1.497920
40 399 4 5.000000 0.000000 1.497920
40 401 6 5.000000 0.000000 1.497920
40 406 13 5.000000 0.000000 1.497920
40 407 9 5.000000 0.000000 1.497920
40 410 10 5.000000 0.000000 1.497920
40 411 9 5.000000 0.000000 1.497920
40 413 6 5.000000 0.000000 1.497920
40 415 7 5.000000 0.000000 1.497920
40 424 12 5.000000 0.000000 1.497920
40 428 8 5.000000 0.000000 1.497920
40 430 4 5.000000 0.000000 1.497920
40 431 14 5.000000 0.000000 1.497920
40 433 11 5.000000 0.000000 1.497920
40 434 7 5.000000 0.000000 1.497920
40 435 12 5.000000 0.000000 1.497920
40 443 11 5.000000 0.000000 1.497920
40 448 12 5.000000 0.000000 1.497920
40 450 14 5.000000 0.000000 1.497920
40 451 13 5.000000 0.000000 1.497920
40 452 13 5.000000 0.000000 1.497920
40 455 15 5.000000 0.000000 1.497920
40 457 5 5.000000 0.000000 1.497920
40 459 11 5.000000 0.000000 1.497920
40 466 7 5.000000 0.000000 1.497920
40 467 4 5.000000 0.000000 1.497920
40 469 6 5.000000 0.000000 1.497920
40 471 10 5.000000 0.000000 1.497920
40 474 4 5.000000 0.000000 1.497920
40 477 13 5.000000 0.000000 1.497920
40 484 8 5.000000 0.000000 1.497920
40 485 13 5.000000 0.000000 1.497920
40 486 6 5.000000 0.000000 1.497920
40 490 14 5.000000 0.000000 1.497920
40 496 14 5.000000 0.000000 1.497920
40 499 10 5.000000 0.000000 1.497920
40 500 11 5.000000 0.000000 1.497920
40 501 11 5.000000 0.000000 1.497920
40 505 6 5.000000 0.000000 1.497920
40 511 10 5.000000 0.000000 1.497920
40 512 5 5.000000 0.000000 1.497920
40 516 6 5.000000 0.000000 1.497920
40 522 7 5.000000 0.000000 1.497920
40 524 15 5.000000 0.000000 1.497920
40 528 4 5.000000 0.000000 1.497920
40 532 13 5.000000 0.000000 1.497920
40 534 9 5.000000 0.000000 1.497920
40 535 12 5.000000 0.000000 1.497920
40 536 7 5.000000 0.000000 1.497920
40 539 8 5.000000 0.000000 1.497920
40 541 4 5.000000 0.000000 1.497920
40 542 7 5.000000 0.000000 1.497920
40 543 5 5.000000 0.000000 1.497920
40 545 10 5.000000 0.000000 1.497920
40 546 10 5.000000 0.000000 1.497920
40 547 6 5.000000 0.000000 1.497920
40 549 13 5.000000 0.000000 1.497920
40 551 12 5.000000 0.000000 1.497920
40 553 15 5.000000 0.000000 1.497920
40 555 15 5.000000 0.000000 1.497920
40 558 12 5.000000 0.000000 1.497920
40 559 15 5.000000 0.000000 1.497920
40 560 7 5.000000 0.000000 1.497920
40 565 9 5.000000 0.000000 1.497920
40 567 12 5.000000 0.000000 1.497920
40 570 14 5.000000 0.000000 1.497920
40 571 9 5.000000 0.000000 1.497920
40 572 9 5.000000 0.000000 1.497920
40 576 14 5.000000 0.000000 1.497920
40 577 5 5.000000 0.000000 1.497920
40 582 12 5.000000 0.000000 1.497920
40 587 4 5.000000 0.000000 1.497920
40 588 4 5.000000 0.000000 1.497920
40 589 8 5.000000 0.000000 1.497920
40 591 4 5.000000 0.000000 1.497920
40 592 11 5.000000 0.000000 1.497920
40 595 7 5.000000 0.000000 1.497920
40 596 12 5.000000 0.000000 1.497920
40 600 7 5.000000 0.000000 1.497920
40 601 9 5.000000 0.000000 1.497920
40 602 13 5.000000 0.000000 1.497920
40 603 4 5.000000 0.000000 1.497920
40 607 15 5.000000 0.000000 1.497920
40 608 14 5.000000 0.000000 1.497920
40 614 11 5.000000 0.000000 1.497920
40 615 15 5.000000 0.000000 1.497920
40 616 15 5.000000 0.000000 1.497920
40 617 14 5.000000 0.000000 1.497920
40 620 11 5.000000 0.000000 1.497920
40 623 5 5.000000 0.000000 1.497920
40 633 9 5.000000 0.000000 1.497920
40 635 5 5.000000 0.000000 1.497920
40 637 7 5.000000 0.000000 1.497920
40 638 5 5.000000 0.000000 1.497920
40 639 9 5.000000 0.000000 1.497920
40 646 13 5.000000 0.000000 1.497920
40 647 12 5.000000 0.000000 1.497920
40 650 14 5.000000 0.000000 1.497920
40 651 7 5.000000 0.000000 1.497920
40 653 8 5.000000 0.000000 1.497920
40 654 7 5.000000 0.000000 1.497920
40 655 10 5.000000 0.000000 1.497920
40 656 6 5.000000 0.000000 1.497920
40 658 12 5.000000 0.000000 1.497920
40 662 5 5.000000 0.000000 1.497920
40 664 13 5.000000 0.000000 1.497920
40 667 13 5.000000 0.000000 1.497920
40 670 9 5.000000 0.000000 1.497920
40 671 10 5.000000 0.000000 1.497920
40 673 4 5.000000 0.000000 1.497920
40 675 8 5.000000 0.000000 1.497920
40 676 12 5.000000 0.000000 1.497920
40 681 11 5.000000 0.000000 1.497920
40 686 7 5.000000 0.000000 1.497920
40 689 7 5.000000 0.000000 1.497920
40 690 12 5.000000 0.000000 1.497920
40 705 14 5.000000 0.000000 1.497920
40 713 15 5.000000 0.000000 1.497920
40 738 15 5.000000 0.000000 1.497920
40 729 10 5.000000 0.000000 1.497920
40 717 15 5.000000 0.000000 1.497920
40 668 10 5.000000 0.000000 1.497920
40 666 14 5.000000 0.000000 1.497920
40 657 7 5.000000 0.000000 1.497920
40 648 14 5.000000 0.000000 1.497920
40 642 12 5.000000 0.000000 1.497920
40 631 14 5.000000 0.000000 1.497920
40 627 4 5.000000 0.000000 1.497920
40 624 5 5.000000 0.000000 1.497920
40 575 15 5.000000 0.000000 1.497920
40 552 6 5.000000 0.000000 1.497920
40 533 12 5.000000 0.000000 1.497920
40 530 6 5.000000 0.000000 1.497920
40 517 4 5.000000 0.000000 1.497920
40 502 14 5.000000 0.000000 1.497920
40 479 10 5.000000 0.000000 1.497920
40 470 11 5.000000 0.000000 1.497920
40 461 7 5.000000 0.000000 1.497920
40 460 7 5.000000 0.000000 1.497920
40 456 10 5.000000 0.000000 1.497920
40 445 9 5.000000 0.000000 1.497920
40 436 14 5.000000 0.000000 1.497920
40 432 12 5.000000 0.000000 1.497920
40 416 13 5.000000 0.000000 1.497920
40 376 12 5.000000 0.000000 1.497920
40 368 12 5.000000 0.000000 1.497920
40 363 13 5.000000 0.000000 1.497920
40 356 11 5.000000 0.000000 1.497920
40 349 7 5.000000 0.000000 1.497920
40 310 7 5.000000 0.000000 1.497920
40 302 9 5.000000 0.000000 1.497920
40 301 11 5.000000 0.000000 1.497920
40 300 7 5.000000 0.000000 1.497920
40 275 5 5.000000 0.000000 1.497920
40 270 14 5.000000 0.000000 1.497920
40 268 10 5.000000 0.000000 1.497920
40 255 7 5.000000 0.000000 1.497920
40 246 14 5.000000 0.000000 1.497920
40 232 8 5.000000 0.000000 1.497920
40 226 5 5.000000 0.000000 1.497920
40 220 4 5.000000 0.000000 1.497920
40 209 7 5.000000 0.000000 1.497920
40 196 13 5.000000 0.000000 1.497920
40 190 6 5.000000 0.000000 1.497920
40 175 7 5.000000 0.000000 1.497920
40 148 8 5.000000 0.000000 1.497920
40 147 8 5.000000 0.000000 1.497920
40 144 5 5.000000 0.000000 1.497920
40 141 12 5.000000 0.000000 1.497920
40 138 4 5.000000 0.000000 1.497920
40 136 12 5.000000 0.000000 1.497920
40 129 6 5.000000 0.000000 1.497920
40 125 5 5.000000 0.000000 1.497920
40 117 13 5.000000 0.000000 1.497920
40 112 5 5.000000 0.000000 1.497920
40 95 11 5.000000 0.000000 1.497920
40 86 3 5.000000 0.000000 1.497920
40 66 2 5.000000 0.000000 1.497920
40 65 2 5.000000 0.000000 1.497920
40 56 1 5.000000 0.000000 1.497920
40 54 1 5.000000 0.000000 1.497920
40 51 1 5.000000 0.000000 1.497920
40 50 1 5.000000 0.000000 1.497920
40 38 1 5.000000 0.000000 1.497920
40 27 5 5.000000 0.000000 1.497920
40 29 7 5.000000 0.000000 1.497920
40 35 13 5.000000 0.000000 1.497920
40 41 1 5.000000 0.000000 1.497920
40 53 1 5.000000 0.000000 1.497920
40 57 2 5.000000 0.000000 1.497920
40 72 2 5.000000 0.000000 1.497920
40 96 5 5.000000 0.000000 1.497920
40 103 15 5.000000 0.000000 1.497920
40 118 9 5.000000 0.000000 1.497920
40 131 11 5.000000 0.000000 1.497920
40 133 7 5.000000 0.000000 1.497920
40 140 9 5.000000 0.000000 1.497920
40 142 11 5.000000 0.000000 1.497920
40 145 9 5.000000 0.000000 1.497920
40 146 9 5.000000 0.000000 1.497920
40 153 10 5.000000 0.000000 1.497920
40 162 4 5.000000 0.000000 1.497920
40 177 13 5.000000 0.000000 1.497920
40 194 4 5.000000 0.000000 1.497920
40 197 15 5.000000 0.000000 1.497920
40 200 6 5.000000 0.000000 1.497920
40 219 11 5.000000 0.000000 1.497920
40 244 14 5.000000 0.000000 1.497920
40 254 10 5.000000 0.000000 1.497920
40 262 12 5.000000 0.000000 1.497920
40 303 9 5.000000 0.000000 1.497920
40 305 13 5.000000 0.000000 1.497920
40 311 4 5.000000 0.000000 1.497920
40 331 11 5.000000 0.000000 1.497920
40 344 7 5.000000 0.000000 1.497920
40 348 9 5.000000 0.000000 1.497920
40 384 15 5.000000 0.000000 1.497920
40 385 13 5.000000 0.000000 1.497920
40 409 6 5.000000 0.000000 1.497920
40 417 9 5.000000 0.000000 1.497920
40 418 15 5.000000 0.000000 1.497920
40 426 13 5.000000 0.000000 1.497920
40 427 13 5.000000 0.000000 1.497920
40 438 10 5.000000 0.000000 1.497920
40 441 4 5.000000 0.000000 1.497920
40 446 6 5.000000 0.000000 1.497920
40 483 12 5.000000 0.000000 1.497920
40 488 12 5.000000 0.000000 1.497920
40 497 9 5.000000 0.000000 1.497920
40 498 15 5.000000 0.000000 1.497920
40 509 10 5.000000 0.000000 1.497920
40 513 12 5.000000 0.000000 1.497920
40 514 4 5.000000 0.000000 1.497920
40 520 12 5.000000 0.000000 1.497920
40 521 6 5.000000 0.000000 1.497920
40 527 9 5.000000 0.000000 1.497920
40 538 9 5.000000 0.000000 1.497920
40 540 10 5.000000 0.000000 1.497920
40 544 11 5.000000 0.000000 1.497920
40 556 13 5.000000 0.000000 1.497920
40 557 6 5.000000 0.000000 1.497920
40 563 6 5.000000 0.000000 1.497920
40 564 9 5.000000 0.000000 1.497920
40 598 11 5.000000 0.000000 1.497920
40 611 14 5.000000 0.000000 1.497920
40 613 11 5.000000 0.000000 1.497920
40 621 4 5.000000 0.000000 1.497920
40 626 4 5.000000 0.000000 1.497920
40 629 13 5.000000 0.000000 1.497920
40 634 13 5.000000 0.000000 1.497920
40 652 12 5.000000 0.000000 1.497920
40 661 14 5.000000 0.000000 1.497920
40 672 15 5.000000 0.000000 1.497920
40 688 10 5.000000 0.000000 1.497920
40 734 4 5.000000 0.000000 1.497920
40 746 0 0.000000 2.496533 1.497920
40 747 0 0.000000 2.496533 1.497920
40 750 0 0.000000 2.496533 1.497920
40 753 0 0.000000 2.496533 1.497920
40 768 0 0.000000 2.496533 1.497920
40 777 0 0.000000 2.496533 1.497920
40 786 0 0.000000 2.496533 1.497920
40 789 0 0.000000 2.496533 1.497920
40 794 0 0.000000 2.496533 1.497920
40 799 0 0.000000 2.496533 1.497920
40 818 0 0.000000 2.496533 1.497920
40 742 0 0.000000 2.496533 1.497920
40 740 0 0.000000 2.496533 1.497920
40 726 0 0.000000 2.496533 1.497920
40 723 0 0.000000 2.496533 1.497920
40 720 0 0.000000 2.496533 1.497920
40 704 0 0.000000 2.496533 1.497920
40 91 0 0.000000 2.496533 1.497920
40 695 0 0.000000 2.496533 1.497920
40 724 0 0.000000 2.496533 1.497920
40 790 0 0.000000 2.496533 1.497920
40 780 0 0.000000 2.496533 1.497920
40 758 0 0.000000 2.496533 1.497920
40 744 0 0.000000 2.496533 1.497920
40 745 0 0.000000 2.496533 1.497920
40 748 0 0.000000 2.496533 1.497920
40 751 0 0.000000 2.496533 1.497920
40 752 0 0.000000 2.496533 1.497920
40 754 0 0.000000 2.496533 1.497920
40 755 0 0.000000 2.496533 1.497920
40 756 0 0.000000 2.496533 1.497920
40 760 0 0.000000 2.496533 1.497920
40 761 0 0.000000 2.496533 1.497920
40 762 0 0.000000 2.496533 1.497920
40 763 0 0.000000 2.496533 1.497920
40 764 0 0.000000 2.496533 1.497920
40 765 0 0.000000 2.496533 1.497920
40 767 0 0.000000 2.496533 1.497920
40 769 0 0.000000 2.496533 1.497920
40 771 0 0.000000 2.496533 1.497920
40 773 0 0.000000 2.496533 1.497920
40 774 0 0.000000 2.496533 1.497920
40 775 0 0.000000 2.496533 1.497920
40 776 0 0.000000 2.496533 1.497920
40 778 0 0.000000 2.496533 1.497920
40 779 0 0.000000 2.496533 1.497920
40 781 0 0.000000 2.496533 1.497920
40 787 0 0.000000 2.496533 1.497920
40 788 0 0.000000 2.496533 1.497920
40 796 0 0.000000 2.496533 1.497920
40 797 0 0.000000 2.496533 1.497920
40 802 0 0.000000 2.496533 1.497920
40 803 0 0.000000 2.496533 1.497920
40 804 0 0.000000 2.496533 1.497920
40 806 0 0.000000 2.496533 1.497920
40 807 0 0.000000 2.496533 1.497920
40 809 0 0.000000 2.496533 1.497920
40 811 0 0.000000 2.496533 1.497920
40 817 0 0.000000 2.496533 1.497920
40 819 0 0.000000 2.496533 1.497920
40 820 0 0.000000 2.496533 1.497920
40 822 0 0.000000 2.496533 1.497920
40 743 0 0.000000 2.496533 1.497920
40 741 0 0.000000 2.496533 1.497920
40 739 0 0.000000 2.496533 1.497920
40 736 0 0.000000 2.496533 1.497920
40 728 0 0.000000 2.496533 1.497920
40 727 0 0.000000 2.496533 1.497920
40 725 0 0.000000 2.496533 1.497920
40 722 0 0.000000 2.496533 1.497920
40 721 0 0.000000 2.496533 1.497920
40 716 0 0.000000 2.496533 1.497920
40 712 0 0.000000 2.496533 1.497920
40 709 0 0.000000 2.496533 1.497920
40 708 0 0.000000 2.496533 1.497920
40 706 0 0.000000 2.496533 1.497920
40 702 0 0.000000 2.496533 1.497920
40 699 0 0.000000 2.496533 1.497920
40 698 0 0.000000 2.496533 1.497920
40 93 0 0.000000 2.496533 1.497920
40 782 0 0.000000 2.496533 1.497920
40 805 0 0.000000 2.496533 1.497920
40 89 0 0.000000 2.496533 1.497920
40 279 15 5.000000 0.000000 1.497920
40 659 14 5.000000 0.000000 1.497920
40 640 7 5.000000 0.000000 1.497920
40 619 6 5.000000 0.000000 1.497920
40 593 6 5.000000 0.000000 1.497920
40 493 12 5.000000 0.000000 1.497920
40 386 5 5.000000 0.000000 1.497920
40 63 2 5.000000 0.000000 1.497920
40 694 0 0.000000 2.496533 1.497920
40 696 0 0.000000 2.496533 1.497920
40 697 0 0.000000 2.496533 1.497920
40 701 0 0.000000 2.496533 1.497920
40 733 0 0.000000 2.496533 1.497920
40 816 0 0.000000 2.496533 1.497920
40 808 0 0.000000 2.496533 1.497920
40 798 0 0.000000 2.496533 1.497920
40 792 0 0.000000 2.496533 1.497920
40 791 0 0.000000 2.496533 1.497920
40 785 0 0.000000 2.496533 1.497920
40 784 0 0.000000 2.496533 1.497920
40 757 0 0.000000 2.496533 1.497920
40 783 0 0.000000 2.496533 1.497920
40 813 0 0.000000 2.496533 1.497920
40 814 0 0.000000 2.496533 1.497920
40 711 0 0.000000 2.496533 1.497920
40 94 0 0.000000 2.496533 1.497920
40 692 0 0.000000 2.496533 1.497920
40 735 0 0.000000 2.496533 1.497920
40 821 0 0.000000 2.496533 1.497920
40 599 8 5.000000 0.000000 1.497920
40 594 13 5.000000 0.000000 1.497920
40 531 9 5.000000 0.000000 1.497920
40 447 9 5.000000 0.000000 1.497920
40 437 7 5.000000 0.000000 1.497920
40 422 9 5.000000 0.000000 1.497920
40 370 13 5.000000 0.000000 1.497920
40 339 7 5.000000 0.000000 1.497920
40 308 6 5.000000 0.000000 1.497920
40 257 9 5.000000 0.000000 1.497920
40 250 15 5.000000 0.000000 1.497920
40 236 7 5.000000 0.000000 1.497920
40 233 7 5.000000 0.000000 1.497920
40 224 10 5.000000 0.000000 1.497920
40 215 4 5.000000 0.000000 1.497920
40 187 9 5.000000 0.000000 1.497920
40 149 8 5.000000 0.000000 1.497920
40 110 15 5.000000 0.000000 1.497920
40 101 4 5.000000 0.000000 1.497920
40 70 2 5.000000 0.000000 1.497920
40 58 2 5.000000 0.000000 1.497920
40 45 1 5.000000 0.000000 1.497920
40 31 9 5.000000 0.000000 1.497920
40 77 3 5.000000 0.000000 1.497920
40 137 5 5.000000 0.000000 1.497920
40 165 14 5.000000 0.000000 1.497920
40 166 5 5.000000 0.000000 1.497920
40 184 10 5.000000 0.000000 1.497920
40 240 6 5.000000 0.000000 1.497920
40 282 5 5.000000 0.000000 1.497920
40 292 15 5.000000 0.000000 1.497920
40 296 11 5.000000 0.000000 1.497920
40 318 4 5.000000 0.000000 1.497920
40 382 13 5.000000 0.000000 1.497920
40 391 9 5.000000 0.000000 1.497920
40 394 4 5.000000 0.000000 1.497920
40 397 14 5.000000 0.000000 1.497920
40 420 14 5.000000 0.000000 1.497920
40 421 5 5.000000 0.000000 1.497920
40 449 10 5.000000 0.000000 1.497920
40 472 6 5.000000 0.000000 1.497920
40 518 7 5.000000 0.000000 1.497920
40 580 9 5.000000 0.000000 1.497920
40 677 7 5.000000 0.000000 1.497920
40 700 8 5.000000 0.000000 1.497920
40 718 8 5.000000 0.000000 1.497920
40 710 5 5.000000 0.000000 1.497920
40 693 9 5.000000 0.000000 1.497920
40 687 5 5.000000 0.000000 1.497920
40 684 8 5.000000 0.000000 1.497920
40 682 4 5.000000 0.000000 1.497920
40 669 8 5.000000 0.000000 1.497920
40 663 15 5.000000 0.000000 1.497920
40 644 8 5.000000 0.000000 1.497920
40 625 11 5.000000 0.000000 1.497920
40 604 8 5.000000 0.000000 1.497920
40 585 10 5.000000 0.000000 1.497920
40 584 12 5.000000 0.000000 1.497920
40 579 5 5.000000 0.000000 1.497920
40 578 5 5.000000 0.000000 1.497920
40 573 12 5.000000 0.000000 1.497920
40 568 6 5.000000 0.000000 1.497920
40 566 13 5.000000 0.000000 1.497920
40 562 7 5.000000 0.000000 1.497920
40 561 15 5.000000 0.000000 1.497920
40 554 12 5.000000 0.000000 1.497920
40 537 8 5.000000 0.000000 1.497920
40 529 14 5.000000 0.000000 1.497920
40 515 4 5.000000 0.000000 1.497920
40 506 11 5.000000 0.000000 1.497920
40 494 14 5.000000 0.000000 1.497920
40 492 11 5.000000 0.000000 1.497920
40 491 12 5.000000 0.000000 1.497920
40 487 15 5.000000 0.000000 1.497920
40 476 11 5.000000 0.000000 1.497920
40 475 13 5.000000 0.000000 1.497920
40 473 12 5.000000 0.000000 1.497920
40 468 5 5.000000 0.000000 1.497920
40 465 13 5.000000 0.000000 1.497920
40 462 9 5.000000 0.000000 1.497920
40 458 11 5.000000 0.000000 1.497920
40 423 7 5.000000 0.000000 1.497920
40 414 10 5.000000 0.000000 1.497920
40 403 8 5.000000 0.000000 1.497920
40 398 6 5.000000 0.000000 1.497920
40 389 15 5.000000 0.000000 1.497920
40 379 12 5.000000 0.000000 1.497920
40 373 6 5.000000 0.000000 1.497920
40 369 12 5.000000 0.000000 1.497920
40 364 13 5.000000 0.000000 1.497920
40 346 6 5.000000 0.000000 1.497920
40 336 11 5.000000 0.000000 1.497920
40 328 8 5.000000 0.000000 1.497920
40 326 12 5.000000 0.000000 1.497920
40 322 7 5.000000 0.000000 1.497920
40 314 13 5.000000 0.000000 1.497920
40 313 5 5.000000 0.000000 1.497920
40 304 5 5.000000 0.000000 1.497920
40 293 7 5.000000 0.000000 1.497920
40 290 6 5.000000 0.000000 1.497920
40 281 8 5.000000 0.000000 1.497920
40 271 6 5.000000 0.000000 1.497920
40 261 4 5.000000 0.000000 1.497920
40 245 12 5.000000 0.000000 1.497920
40 242 11 5.000000 0.000000 1.497920
40 231 7 5.000000 0.000000 1.497920
40 229 11 5.000000 0.000000 1.497920
40 225 14 5.000000 0.000000 1.497920
40 213 12 5.000000 0.000000 1.497920
40 207 9 5.000000 0.000000 1.497920
40 198 12 5.000000 0.000000 1.497920
40 191 8 5.000000 0.000000 1.497920
40 189 4 5.000000 0.000000 1.497920
40 186 15 5.000000 0.000000 1.497920
40 179 9 5.000000 0.000000 1.497920
40 172 4 5.000000 0.000000 1.497920
40 169 13 5.000000 0.000000 1.497920
40 164 5 5.000000 0.000000 1.497920
40 158 12 5.000000 0.000000 1.497920
40 150 6 5.000000 0.000000 1.497920
40 135 11 5.000000 0.000000 1.497920
40 127 12 5.000000 0.000000 1.497920
40 121 7 5.000000 0.000000 1.497920
40 114 8 5.000000 0.000000 1.497920
40 109 7 5.000000 0.000000 1.497920
40 85 3 5.000000 0.000000 1.497920
40 67 2 5.000000 0.000000 1.497920
40 55 1 5.000000 0.000000 1.497920
40 25 3 5.000000 0.000000 1.497920
40 26 4 5.000000 0.000000 1.497920
40 37 15 5.000000 0.000000 1.497920
40 39 1 5.000000 0.000000 1.497920
40 40 1 5.000000 0.000000 1.497920
40 59 2 5.000000 0.000000 1.497920
40 71 2 5.000000 0.000000 1.497920
40 73 2 5.000000 0.000000 1.497920
40 98 6 5.000000 0.000000 1.497920
40 105 4 5.000000 0.000000 1.497920
40 107 4 5.000000 0.000000 1.497920
40 113 8 5.000000 0.000000 1.497920
40 119 8 5.000000 0.000000 1.497920
40 151 4 5.000000 0.000000 1.497920
40 157 13 5.000000 0.000000 1.497920
40 160 5 5.000000 0.000000 1.497920
40 167 11 5.000000 0.000000 1.497920
40 168 5 5.000000 0.000000 1.497920
40 171 15 5.000000 0.000000 1.497920
40 173 9 5.000000 0.000000 1.497920
40 192 13 5.000000 0.000000 1.497920
40 204 4 5.000000 0.000000 1.497920
40 238 13 5.000000 0.000000 1.497920
40 243 15 5.000000 0.000000 1.497920
40 264 14 5.000000 0.000000 1.497920
40 274 7 5.000000 0.000000 1.497920
40 283 11 5.000000 0.000000 1.497920
40 284 8 5.000000 0.000000 1.497920
40 307 9 5.000000 0.000000 1.497920
40 312 5 5.000000 0.000000 1.497920
40 325 8 5.000000 0.000000 1.497920
40 332 7 5.000000 0.000000 1.497920
40 334 9 5.000000 0.000000 1.497920
40 342 8 5.000000 0.000000 1.497920
40 350 13 5.000000 0.000000 1.497920
40 362 8 5.000000 0.000000 1.497920
40 378 13 5.000000 0.000000 1.497920
40 383 6 5.000000 0.000000 1.497920
40 400 4 5.000000 0.000000 1.497920
40 408 12 5.000000 0.000000 1.497920
40 412 11 5.000000 0.000000 1.497920
40 419 8 5.000000 0.000000 1.497920
40 439 11 5.000000 0.000000 1.497920
40 442 14 5.000000 0.000000 1.497920
40 453 13 5.000000 0.000000 1.497920
40 454 11 5.000000 0.000000 1.497920
40 481 8 5.000000 0.000000 1.497920
40 482 11 5.000000 0.000000 1.497920
40 489 14 5.000000 0.000000 1.497920
40 504 11 5.000000 0.000000 1.497920
40 508 6 5.000000 0.000000 1.497920
40 519 4 5.000000 0.000000 1.497920
40 523 12 5.000000 0.000000 1.497920
40 525 7 5.000000 0.000000 1.497920
40 526 13 5.000000 0.000000 1.497920
40 548 9 5.000000 0.000000 1.497920
40 583 8 5.000000 0.000000 1.497920
40 586 8 5.000000 0.000000 1.497920
40 590 15 5.000000 0.000000 1.497920
40 597 15 5.000000 0.000000 1.497920
40 605 6 5.000000 0.000000 1.497920
40 606 13 5.000000 0.000000 1.497920
40 612 5 5.000000 0.000000 1.497920
40 622 9 5.000000 0.000000 1.497920
40 628 8 5.000000 0.000000 1.497920
40 636 4 5.000000 0.000000 1.497920
40 641 4 5.000000 0.000000 1.497920
40 643 9 5.000000 0.000000 1.497920
40 645 15 5.000000 0.000000 1.497920
40 660 14 5.000000 0.000000 1.497920
40 665 6 5.000000 0.000000 1.497920
40 674 14 5.000000 0.000000 1.497920
40 678 7 5.000000 0.000000 1.497920
40 679 12 5.000000 0.000000 1.497920
40 685 5 5.000000 0.000000 1.497920
40 707 4 5.000000 0.000000 1.497920
40 719 15 5.000000 0.000000 1.497920
40 732 15 5.000000 0.000000 1.497920
40 737 15 5.000000 0.000000 1.497920
40 618 12 5.000000 0.000000 1.497920
40 610 15 5.000000 0.000000 1.497920
40 581 14 5.000000 0.000000 1.497920
40 550 9 5.000000 0.000000 1.497920
40 495 5 5.000000 0.000000 1.497920
40 480 7 5.000000 0.000000 1.497920
40 463 7 5.000000 0.000000 1.497920
40 444 13 5.000000 0.000000 1.497920
40 405 7 5.000000 0.000000 1.497920
40 404 6 5.000000 0.000000 1.497920
40 357 9 5.000000 0.000000 1.497920
40 287 11 5.000000 0.000000 1.497920
40 285 12 5.000000 0.000000 1.497920
40 241 12 5.000000 0.000000 1.497920
40 216 5 5.000000 0.000000 1.497920
40 170 14 5.000000 0.000000 1.497920
40 155 14 5.000000 0.000000 1.497920
40 130 13 5.000000 0.000000 1.497920
40 120 13 5.000000 0.000000 1.497920
40 99 14 5.000000 0.000000 1.497920
40 83 3 5.000000 0.000000 1.497920
40 46 1 5.000000 0.000000 1.497920
40 28 6 5.000000 0.000000 1.497920
40 33 11 5.000000 0.000000 1.497920
40 97 9 5.000000 0.000000 1.497920
40 163 4 5.000000 0.000000 1.497920
40 202 13 5.000000 0.000000 1.497920
40 227 14 5.000000 0.000000 1.497920
40 277 12 5.000000 0.000000 1.497920
40 289 13 5.000000 0.000000 1.497920
40 360 11 5.000000 0.000000 1.497920
40 366 13 5.000000 0.000000 1.497920
40 372 4 5.000000 0.000000 1.497920
40 402 13 5.000000 0.000000 1.497920
40 425 13 5.000000 0.000000 1.497920
40 429 10 5.000000 0.000000 1.497920
40 440 6 5.000000 0.000000 1.497920
40 464 7 5.000000 0.000000 1.497920
40 478 8 5.000000 0.000000 1.497920
40 503 4 5.000000 0.000000 1.497920
40 507 13 5.000000 0.000000 1.497920
40 510 15 5.000000 0.000000 1.497920
40 569 7 5.000000 0.000000 1.497920
40 574 11 5.000000 0.000000 1.497920
40 609 11 5.000000 0.000000 1.497920
40 630 15 5.000000 0.000000 1.497920
40 632 8 5.000000 0.000000 1.497920
40 649 4 5.000000 0.000000 1.497920
40 683 4 5.000000 0.000000 1.497920
40 749 0 0.000000 2.496533 1.497920
40 795 0 0.000000 2.496533 1.497920
40 730 0 0.000000 2.496533 1.497920
40 714 0 0.000000 2.496533 1.497920
40 770 0 0.000000 2.496533 1.497920
40 759 0 0.000000 2.496533 1.497920
40 766 0 0.000000 2.496533 1.497920
40 772 0 0.000000 2.496533 1.497920
40 793 0 0.000000 2.496533 1.497920
40 800 0 0.000000 2.496533 1.497920
40 801 0 0.000000 2.496533 1.497920
40 810 0 0.000000 2.496533 1.497920
40 812 0 0.000000 2.496533 1.497920
40 815 0 0.000000 2.496533 1.497920
40 731 0 0.000000 2.496533 1.497920
40 715 0 0.000000 2.496533 1.497920
40 703 0 0.000000 2.496533 1.497920
40 691 0 0.000000 2.496533 1.497920
40 680 0 0.000000 2.496533 1.497920
40 92 0 0.000000 2.496533 1.497920
40 90 0 0.000000 2.496533 1.497920
60 23 1 5.000000 0.000000 1.500000
60 24 2 5.000000 0.000000 1.500000
60 30 8 5.000000 0.000000 1.500000
60 32 10 5.000000 0.000000 1.500000
60 34 12 5.000000 0.000000 1.500000
60 36 14 5.000000 0.000000 1.500000
60 43 1 5.000000 0.000000 1.500000
60 44 1 5.000000 0.000000 1.500000
60 49 1 5.000000 0.000000 1.500000
60 60 2 5.000000 0.000000 1.500000
60 61 2 5.000000 0.000000 1.500000
60 62 2 5.000000 0.000000 1.500000
60 64 2 5.000000 0.000000 1.500000
60 69 2 5.000000 0.000000 1.500000
60 75 2 5.000000 0.000000 1.500000
60 76 3 5.000000 0.000000 1.500000
60 78 3 5.000000 0.000000 1.500000
60 79 3 5.000000 0.000000 1.500000
60 81 3 5.000000 0.000000 1.500000
60 82 3 5.000000 0.000000 1.500000
60 84 3 5.000000 0.000000 1.500000
60 87 3 5.000000 0.000000 1.500000
60 104 5 5.000000 0.000000 1.500000
60 106 9 5.000000 0.000000 1.500000
60 108 6 5.000000 0.000000 1.500000
60 111 11 5.000000 0.000000 1.500000
60 115 7 5.000000 0.000000 1.500000
60 116 5 5.000000 0.000000 1.500000
60 123 12 5.000000 0.000000 1.500000
60 124 11 5.000000 0.000000 1.500000
60 126 6 5.000000 0.000000 1.500000
60 128 11 5.000000 0.000000 1.500000
60 132 5 5.000000 0.000000 1.500000
60 134 13 5.000000 0.000000 1.500000
60 139 9 5.000000 0.000000 1.500000
60 143 10 5.000000 0.000000 1.500000
60 156 14 5.000000 0.000000 1.500000
60 159 9 5.000000 0.000000 1.500000
60 161 13 5.000000 0.000000 1.500000
60 174 9 5.000000 0.000000 1.500000
60 178 5 5.000000 0.000000 1.500000
60 182 12 5.000000 0.000000 1.500000
60 185 4 5.000000 0.000000 1.500000
60 195 13 5.000000 0.000000 1.500000
60 199 9 5.000000 0.000000 1.500000
60 206 15 5.000000 0.000000 1.500000
60 210 6 5.000000 0.000000 1.500000
60 212 11 5.000000 0.000000 1.500000
60 214 12 5.000000 0.000000 1.500000
60 217 10 5.000000 0.000000 1.500000
60 218 8 5.000000 0.000000 1.500000
60 221 9 5.000000 0.000000 1.500000
60 222 14 5.000000 0.000000 1.500000
60 230 13 5.000000 0.000000 1.500000
60 234 9 5.000000 0.000000 1.500000
60 237 6 5.000000 0.000000 1.500000
60 239 8 5.000000 0.000000 1.500000
60 247 7 5.000000 0.000000 1.500000
60 248 7 5.000000 0.000000 1.500000
60 249 10 5.000000 0.000000 1.500000
60 252 12 5.000000 0.000000 1.500000
60 253 5 5.000000 0.000000 1.500000
60 256 6 5.000000 0.000000 1.500000
60 258 6 5.000000 0.000000 1.500000
60 259 10 5.000000 0.000000 1.500000
60 263 14 5.000000 0.000000 1.500000
60 266 10 5.000000 0.000000 1.500000
60 267 11 5.000000 0.000000 1.500000
60 269 8 5.000000 0.000000 1.500000
60 272 7 5.000000 0.000000 1.500000
60 273 11 5.000000 0.000000 1.500000
60 280 13 5.000000 0.000000 1.500000
60 286 12 5.000000 0.000000 1.500000
60 288 7 5.000000 0.000000 1.500000
60 294 4 5.000000 0.000000 1.500000
60 297 6 5.000000 0.000000 1.500000
60 299 4 5.000000 0.000000 1.500000
60 309 6 5.000000 0.000000 1.500000
60 317 15 5.000000 0.000000 1.500000
60 319 7 5.000000 0.000000 1.500000
60 320 11 5.000000 0.000000 1.500000
60 323 4 5.000000 0.000000 1.500000
60 330 13 5.000000 0.000000 1.500000
60 333 5 5.000000 0.000000 1.500000
60 338 10 5.000000 0.000000 1.500000
60 340 14 5.000000 0.000000 1.500000
60 341 12 5.000000 0.000000 1.500000
60 351 7 5.000000 0.000000 1.500000
60 352 15 5.000000 0.000000 1.500000
60 353 7 5.000000 0.000000 1.500000
60 354 14 5.000000 0.000000 1.500000
60 355 15 5.000000 0.000000 1.500000
60 359 5 5.000000 0.000000 1.500000
60 361 14 5.000000 0.000000 1.500000
60 365 13 5.000000 0.000000 1.500000
60 367 12 5.000000 0.000000 1.500000
60 371 4 5.000000 0.000000 1.500000
60 374 10 5.000000 0.000000 1.500000
60 377 14 5.000000 0.000000 1.500000
60 380 9 5.000000 0.000000 1.500000
60 381 8 5.000000 0.000000 1.500000
60 387 13 5.000000 0.000000 1.500000
60 388 11 5.000000 0.000000 1.500000
60 390 7 5.000000 0.000000 1.500000
60 395 9 5.000000 0.000000 1.500000
60 399 4 5.000000 0.000000 1.500000
60 401 6 5.000000 0.000000 1.500000
60 406 13 5.000000 0.000000 1.500000
60 407 9 5.000000 0.000000 1.500000
60 413 6 5.000000 0.000000 1.500000
60 415 7 5.000000 0.000000 1.500000
60 428 8 5.000000 0.000000 1.500000
60 430 4 5.000000 0.000000 1.500000
60 434 7 5.000000 0.000000 1.500000
60 435 12 5.000000 0.000000 1.500000
60 451 13 5.000000 0.000000 1.500000
60 455 15 5.000000 0.000000 1.500000
60 457 5 5.000000 0.000000 1.500000
60 459 11 5.000000 0.000000 1.500000
60 466 7 5.000000 0.000000 1.500000
60 467 4 5.000000 0.000000 1.500000
60 469 6 5.000000 0.000000 1.500000
60 471 10 5.000000 0.000000 1.500000
60 474 4 5.000000 0.000000 1.500000
60 484 8 5.000000 0.000000 1.500000
60 485 13 5.000000 0.000000 1.500000
60 486 6 5.000000 0.000000 1.500000
60 501 11 5.000000 0.000000 1.500000
60 505 6 5.000000 0.000000 1.500000
60 511 10 5.000000 0.000000 1.500000
60 512 5 5.000000 0.000000 1.500000
60 516 6 5.000000 0.000000 1.500000
60 524 15 5.000000 0.000000 1.500000
60 528 4 5.000000 0.000000 1.500000
60 534 9 5.000000 0.000000 1.500000
60 535 12 5.000000 0.000000 1.500000
60 536 7 5.000000 0.000000 1.500000
60 539 8 5.000000 0.000000 1.500000
60 541 4 5.000000 0.000000 1.500000
60 543 5 5.000000 0.000000 1.500000
60 546 10 5.000000 0.000000 1.500000
60 549 13 5.000000 0.000000 1.500000
60 551 12 5.000000 0.000000 1.500000
60 553 15 5.000000 0.000000 1.500000
60 555 15 5.000000 0.000000 1.500000
60 559 15 5.000000 0.000000 1.500000
60 560 7 5.000000 0.000000 1.500000
60 565 9 5.000000 0.000000 1.500000
60 572 9 5.000000 0.000000 1.500000
60 576 14 5.000000 0.000000 1.500000
60 582 12 5.000000 0.000000 1.500000
60 587 4 5.000000 0.000000 1.500000
60 592 11 5.000000 0.000000 1.500000
60 595 7 5.000000 0.000000 1.500000
60 600 7 5.000000 0.000000 1.500000
60 608 14 5.000000 0.000000 1.500000
60 623 5 5.000000 0.000000 1.500000
60 635 5 5.000000 0.000000 1.500000
60 638 5 5.000000 0.000000 1.500000
60 650 14 5.000000 0.000000 1.500000
60 653 8 5.000000 0.000000 1.500000
60 654 7 5.000000 0.000000 1.500000
60 655 10 5.000000 0.000000 1.500000
60 671 10 5.000000 0.000000 1.500000
60 686 7 5.000000 0.000000 1.500000
60 689 7 5.000000 0.000000 1.500000
60 713 15 5.000000 0.000000 1.500000
60 729 10 5.000000 0.000000 1.500000
60 668 10 5.000000 0.000000 1.500000
60 624 5 5.000000 0.000000 1.500000
60 552 6 5.000000 0.000000 1.500000
60 530 6 5.000000 0.000000 1.500000
60 517 4 5.000000 0.000000 1.500000
60 502 14 5.000000 0.000000 1.500000
60 461 7 5.000000 0.000000 1.500000
60 445 9 5.000000 0.000000 1.500000
60 436 14 5.000000 0.000000 1.500000
60 432 12 5.000000 0.000000 1.500000
60 416 13 5.000000 0.000000 1.500000
60 376 12 5.000000 0.000000 1.500000
60 363 13 5.000000 0.000000 1.500000
60 310 7 5.000000 0.000000 1.500000
60 301 11 5.000000 0.000000 1.500000
60 246 14 5.000000 0.000000 1.500000
60 232 8 5.000000 0.000000 1.500000
60 209 7 5.000000 0.000000 1.500000
60 190 6 5.000000 0.000000 1.500000
60 147 8 5.000000 0.000000 1.500000
60 141 12 5.000000 0.000000 1.500000
60 138 4 5.000000 0.000000 1.500000
60 136 12 5.000000 0.000000 1.500000
60 129 6 5.000000 0.000000 1.500000
60 117 13 5.000000 0.000000 1.500000
60 95 11 5.000000 0.000000 1.500000
60 86 3 5.000000 0.000000 1.500000
60 66 2 5.000000 0.000000 1.500000
60 65 2 5.000000 0.000000 1.500000
60 56 1 5.000000 0.000000 1.500000
60 54 1 5.000000 0.000000 1.500000
60 35 13 5.000000 0.000000 1.500000
60 53 1 5.000000 0.000000 1.500000
60 103 15 5.000000 0.000000 1.500000
60 133 7 5.000000 0.000000 1.500000
60 140 9 5.000000 0.000000 1.500000
60 142 11 5.000000 0.000000 1.500000
60 146 9 5.000000 0.000000 1.500000
60 153 10 5.000000 0.000000 1.500000
60 162 4 5.000000 0.000000 1.500000
60 177 13 5.000000 0.000000 1.500000
60 194 4 5.000000 0.000000 1.500000
60 197 15 5.000000 0.000000 1.500000
60 200 6 5.000000 0.000000 1.500000
60 244 14 5.000000 0.000000 1.500000
60 254 10 5.000000 0.000000 1.500000
60 303 9 5.000000 0.000000 1.500000
60 305 13 5.000000 0.000000 1.500000
60 311 4 5.000000 0.000000 1.500000
60 344 7 5.000000 0.000000 1.500000
60 417 9 5.000000 0.000000 1.500000
60 426 13 5.000000 0.000000 1.500000
60 441 4 5.000000 0.000000 1.500000
60 483 12 5.000000 0.000000 1.500000
60 497 9 5.000000 0.000000 1.500000
60 513 12 5.000000 0.000000 1.500000
60 514 4 5.000000 0.000000 1.500000
60 520 12 5.000000 0.000000 1.500000
60 527 9 5.000000 0.000000 1.500000
60 538 9 5.000000 0.000000 1.500000
60 544 11 5.000000 0.000000 1.500000
60 557 6 5.000000 0.000000 1.500000
60 564 9 5.000000 0.000000 1.500000
60 611 14 5.000000 0.000000 1.500000
60 688 10 5.000000 0.000000 1.500000
60 279 15 5.000000 0.000000 1.500000
60 659 14 5.000000 0.000000 1.500000
60 493 12 5.000000 0.000000 1.500000
60 386 5 5.000000 0.000000 1.500000
60 599 8 5.000000 0.000000 1.500000
60 531 9 5.000000 0.000000 1.500000
60 447 9 5.000000 0.000000 1.500000
60 339 7 5.000000 0.000000 1.500000
60 308 6 5.000000 0.000000 1.500000
60 250 15 5.000000 0.000000 1.500000
60 236 7 5.000000 0.000000 1.500000
60 215 4 5.000000 0.000000 1.500000
60 187 9 5.000000 0.000000 1.500000
60 110 15 5.000000 0.000000 1.500000
60 101 4 5.000000 0.000000 1.500000
60 70 2 5.000000 0.000000 1.500000
60 45 1 5.000000 0.000000 1.500000
60 31 9 5.000000 0.000000 1.500000
60 137 5 5.000000 0.000000 1.500000
60 240 6 5.000000 0.000000 1.500000
60 282 5 5.000000 0.000000 1.500000
60 292 15 5.000000 0.000000 1.500000
60 296 11 5.000000 0.000000 1.500000
60 382 13 5.000000 0.000000 1.500000
60 420 14 5.000000 0.000000 1.500000
60 421 5 5.000000 0.000000 1.500000
60 449 10 5.000000 0.000000 1.500000
60 472 6 5.000000 0.000000 1.500000
60 518 7 5.000000 0.000000 1.500000
60 580 9 5.000000 0.000000 1.500000
60 677 7 5.000000 0.000000 1.500000
60 700 8 5.000000 0.000000 1.500000
60 684 8 5.000000 0.000000 1.500000
60 669 8 5.000000 0.000000 1.500000
60 663 15 5.000000 0.000000 1.500000
60 584 12 5.000000 0.000000 1.500000
60 579 5 5.000000 0.000000 1.500000
60 578 5 5.000000 0.000000 1.500000
60 568 6 5.000000 0.000000 1.500000
60 562 7 5.000000 0.000000 1.500000
60 554 12 5.000000 0.000000 1.500000
60 537 8 5.000000 0.000000 1.500000
60 494 14 5.000000 0.000000 1.500000
60 492 11 5.000000 0.000000 1.500000
60 491 12 5.000000 0.000000 1.500000
60 476 11 5.000000 0.000000 1.500000
60 475 13 5.000000 0.000000 1.500000
60 473 12 5.000000 0.000000 1.500000
60 468 5 5.000000 0.000000 1.500000
60 458 11 5.000000 0.000000 1.500000
60 423 7 5.000000 0.000000 1.500000
60 398 6 5.000000 0.000000 1.500000
60 389 15 5.000000 0.000000 1.500000
60 364 13 5.000000 0.000000 1.500000
60 346 6 5.000000 0.000000 1.500000
60 336 11 5.000000 0.000000 1.500000
60 293 7 5.000000 0.000000 1.500000
60 245 12 5.000000 0.000000 1.500000
60 231 7 5.000000 0.000000 1.500000
60 198 12 5.000000 0.000000 1.500000
60 191 8 5.000000 0.000000 1.500000
60 189 4 5.000000 0.000000 1.500000
60 186 15 5.000000 0.000000 1.500000
60 179 9 5.000000 0.000000 1.500000
60 164 5 5.000000 0.000000 1.500000
60 158 12 5.000000 0.000000 1.500000
60 150 6 5.000000 0.000000 1.500000
60 127 12 5.000000 0.000000 1.500000
60 121 7 5.000000 0.000000 1.500000
60 114 8 5.000000 0.000000 1.500000
60 67 2 5.000000 0.000000 1.500000
60 25 3 5.000000 0.000000 1.500000
60 26 4 5.000000 0.000000 1.500000
60 40 1 5.000000 0.000000 1.500000
60 71 2 5.000000 0.000000 1.500000
60 73 2 5.000000 0.000000 1.500000
60 105 4 5.000000 0.000000 1.500000
60 107 4 5.000000 0.000000 1.500000
60 113 8 5.000000 0.000000 1.500000
60 151 4 5.000000 0.000000 1.500000
60 157 13 5.000000 0.000000 1.500000
60 160 5 5.000000 0.000000 1.500000
60 167 11 5.000000 0.000000 1.500000
60 168 5 5.000000 0.000000 1.500000
60 171 15 5.000000 0.000000 1.500000
60 173 9 5.000000 0.000000 1.500000
60 204 4 5.000000 0.000000 1.500000
60 238 13 5.000000 0.000000 1.500000
60 243 15 5.000000 0.000000 1.500000
60 264 14 5.000000 0.000000 1.500000
60 274 7 5.000000 0.000000 1.500000
60 283 11 5.000000 0.000000 1.500000
60 284 8 5.000000 0.000000 1.500000
60 307 9 5.000000 0.000000 1.500000
60 350 13 5.000000 0.000000 1.500000
60 362 8 5.000000 0.000000 1.500000
60 383 6 5.000000 0.000000 1.500000
60 400 4 5.000000 0.000000 1.500000
60 408 12 5.000000 0.000000 1.500000
60 419 8 5.000000 0.000000 1.500000
60 439 11 5.000000 0.000000 1.500000
60 442 14 5.000000 0.000000 1.500000
60 453 13 5.000000 0.000000 1.500000
60 454 11 5.000000 0.000000 1.500000
60 481 8 5.000000 0.000000 1.500000
60 482 11 5.000000 0.000000 1.500000
60 504 11 5.000000 0.000000 1.500000
60 508 6 5.000000 0.000000 1.500000
60 519 4 5.000000 0.000000 1.500000
60 526 13 5.000000 0.000000 1.500000
60 583 8 5.000000 0.000000 1.500000
60 586 8 5.000000 0.000000 1.500000
60 590 15 5.000000 0.000000 1.500000
60 597 15 5.000000 0.000000 1.500000
60 612 5 5.000000 0.000000 1.500000
60 660 14 5.000000 0.000000 1.500000
60 719 15 5.000000 0.000000 1.500000
60 610 15 5.000000 0.000000 1.500000
60 581 14 5.000000 0.000000 1.500000
60 495 5 5.000000 0.000000 1.500000
60 463 7 5.000000 0.000000 1.500000
60 404 6 5.000000 0.000000 1.500000
60 357 9 5.000000 0.000000 1.500000
60 285 12 5.000000 0.000000 1.500000
60 241 12 5.000000 0.000000 1.500000
60 216 5 5.000000 0.000000 1.500000
60 120 13 5.000000 0.000000 1.500000
60 99 14 5.000000 0.000000 1.500000
60 33 11 5.000000 0.000000 1.500000
60 97 9 5.000000 0.000000 1.500000
60 163 4 5.000000 0.000000 1.500000
60 227 14 5.000000 0.000000 1.500000
60 277 12 5.000000 0.000000 1.500000
60 289 13 5.000000 0.000000 1.500000
60 360 11 5.000000 0.000000 1.500000
60 372 4 5.000000 0.000000 1.500000
60 464 7 5.000000 0.000000 1.500000
60 503 4 5.000000 0.000000 1.500000
60 507 13 5.000000 0.000000 1.500000
60 630 15 5.000000 0.000000 1.500000
60 92 0 0.000000 2.500000 1.500000
60 680 0 0.000000 2.500000 1.500000
60 691 0 0.000000 2.500000 1.500000
60 703 0 0.000000 2.500000 1.500000
60 731 0 0.000000 2.500000 1.500000
60 812 0 0.000000 2.500000 1.500000
60 810 0 0.000000 2.500000 1.500000
60 801 0 0.000000 2.500000 1.500000
60 800 0 0.000000 2.500000 1.500000
60 793 0 0.000000 2.500000 1.500000
60 683 0 0.000000 2.500000 1.500000
60 649 0 0.000000 2.500000 1.500000
60 618 0 0.000000 2.500000 1.500000
60 737 0 0.000000 2.500000 1.500000
60 707 0 0.000000 2.500000 1.500000
60 674 0 0.000000 2.500000 1.500000
60 643 0 0.000000 2.500000 1.500000
60 641 0 0.000000 2.500000 1.500000
60 622 0 0.000000 2.500000 1.500000
60 606 0 0.000000 2.500000 1.500000
60 605 0 0.000000 2.500000 1.500000
60 625 0 0.000000 2.500000 1.500000
60 687 0 0.000000 2.500000 1.500000
60 693 0 0.000000 2.500000 1.500000
60 594 0 0.000000 2.500000 1.500000
60 821 0 0.000000 2.500000 1.500000
60 692 0 0.000000 2.500000 1.500000
60 783 0 0.000000 2.500000 1.500000
60 757 0 0.000000 2.500000 1.500000
60 784 0 0.000000 2.500000 1.500000
60 791 0 0.000000 2.500000 1.500000
60 792 0 0.000000 2.500000 1.500000
60 798 0 0.000000 2.500000 1.500000
60 816 0 0.000000 2.500000 1.500000
60 701 0 0.000000 2.500000 1.500000
60 697 0 0.000000 2.500000 1.500000
60 694 0 0.000000 2.500000 1.500000
60 619 0 0.000000 2.500000 1.500000
60 89 0 0.000000 2.500000 1.500000
60 699 0 0.000000 2.500000 1.500000
60 709 0 0.000000 2.500000 1.500000
60 712 0 0.000000 2.500000 1.500000
60 716 0 0.000000 2.500000 1.500000
60 721 0 0.000000 2.500000 1.500000
60 722 0 0.000000 2.500000 1.500000
60 725 0 0.000000 2.500000 1.500000
60 739 0 0.000000 2.500000 1.500000
60 743 0 0.000000 2.500000 1.500000
60 819 0 0.000000 2.500000 1.500000
60 817 0 0.000000 2.500000 1.500000
60 811 0 0.000000 2.500000 1.500000
60 809 0 0.000000 2.500000 1.500000
60 804 0 0.000000 2.500000 1.500000
60 796 0 0.000000 2.500000 1.500000
60 788 0 0.000000 2.500000 1.500000
60 781 0 0.000000 2.500000 1.500000
60 776 0 0.000000 2.500000 1.500000
60 774 0 0.000000 2.500000 1.500000
60 771 0 0.000000 2.500000 1.500000
60 769 0 0.000000 2.500000 1.500000
60 765 0 0.000000 2.500000 1.500000
60 762 0 0.000000 2.500000 1.500000
60 761 0 0.000000 2.500000 1.500000
60 755 0 0.000000 2.500000 1.500000
60 754 0 0.000000 2.500000 1.500000
60 752 0 0.000000 2.500000 1.500000
60 748 0 0.000000 2.500000 1.500000
60 758 0 0.000000 2.500000 1.500000
60 780 0 0.000000 2.500000 1.500000
60 724 0 0.000000 2.500000 1.500000
60 723 0 0.000000 2.500000 1.500000
60 726 0 0.000000 2.500000 1.500000
60 799 0 0.000000 2.500000 1.500000
60 794 0 0.000000 2.500000 1.500000
60 789 0 0.000000 2.500000 1.500000
60 777 0 0.000000 2.500000 1.500000
60 747 0 0.000000 2.500000 1.500000
60 746 0 0.000000 2.500000 1.500000
60 734 0 0.000000 2.500000 1.500000
60 661 0 0.000000 2.500000 1.500000
60 613 0 0.000000 2.500000 1.500000
60 556 0 0.000000 2.500000 1.500000
60 627 0 0.000000 2.500000 1.500000
60 642 0 0.000000 2.500000 1.500000
60 738 0 0.000000 2.500000 1.500000
60 705 0 0.000000 2.500000 1.500000
60 690 0 0.000000 2.500000 1.500000
60 681 0 0.000000 2.500000 1.500000
60 673 0 0.000000 2.500000 1.500000
60 670 0 0.000000 2.500000 1.500000
60 667 0 0.000000 2.500000 1.500000
60 664 0 0.000000 2.500000 1.500000
60 647 0 0.000000 2.500000 1.500000
60 639 0 0.000000 2.500000 1.500000
60 633 0 0.000000 2.500000 1.500000
60 620 0 0.000000 2.500000 1.500000
60 603 0 0.000000 2.500000 1.500000
60 602 0 0.000000 2.500000 1.500000
60 601 0 0.000000 2.500000 1.500000
60 596 0 0.000000 2.500000 1.500000
60 591 0 0.000000 2.500000 1.500000
60 753 0 0.000000 2.500000 1.500000
60 91 0 0.000000 2.500000 1.500000
60 695 0 0.000000 2.500000 1.500000
60 745 0 0.000000 2.500000 1.500000
60 756 0 0.000000 2.500000 1.500000
60 763 0 0.000000 2.500000 1.500000
60 775 0 0.000000 2.500000 1.500000
60 778 0 0.000000 2.500000 1.500000
60 803 0 0.000000 2.500000 1.500000
60 728 0 0.000000 2.500000 1.500000
60 698 0 0.000000 2.500000 1.500000
60 93 0 0.000000 2.500000 1.500000
60 782 0 0.000000 2.500000 1.500000
60 805 0 0.000000 2.500000 1.500000
60 711 0 0.000000 2.500000 1.500000
60 735 0 0.000000 2.500000 1.500000
60 795 0 0.000000 2.500000 1.500000
60 759 0 0.000000 2.500000 1.500000
60 772 0 0.000000 2.500000 1.500000
60 656 0 0.000000 2.500000 1.500000
60 658 0 0.000000 2.500000 1.500000
60 676 0 0.000000 2.500000 1.500000
60 666 0 0.000000 2.500000 1.500000
60 598 0 0.000000 2.500000 1.500000
60 621 0 0.000000 2.500000 1.500000
60 629 0 0.000000 2.500000 1.500000
60 768 0 0.000000 2.500000 1.500000
60 818 0 0.000000 2.500000 1.500000
60 742 0 0.000000 2.500000 1.500000
60 751 0 0.000000 2.500000 1.500000
60 773 0 0.000000 2.500000 1.500000
60 779 0 0.000000 2.500000 1.500000
60 787 0 0.000000 2.500000 1.500000
60 797 0 0.000000 2.500000 1.500000
60 802 0 0.000000 2.500000 1.500000
60 806 0 0.000000 2.500000 1.500000
60 820 0 0.000000 2.500000 1.500000
60 741 0 0.000000 2.500000 1.500000
60 727 0 0.000000 2.500000 1.500000
60 702 0 0.000000 2.500000 1.500000
60 733 0 0.000000 2.500000 1.500000
60 808 0 0.000000 2.500000 1.500000
60 814 0 0.000000 2.500000 1.500000
60 718 0 0.000000 2.500000 1.500000
60 682 0 0.000000 2.500000 1.500000
60 636 0 0.000000 2.500000 1.500000
60 665 0 0.000000 2.500000 1.500000
60 685 0 0.000000 2.500000 1.500000
60 609 0 0.000000 2.500000 1.500000
60 749 0 0.000000 2.500000 1.500000
60 815 0 0.000000 2.500000 1.500000
60 90 0 0.000000 2.500000 1.500000
60 574 11 5.000000 0.000000 1.500000
60 569 7 5.000000 0.000000 1.500000
60 440 6 5.000000 0.000000 1.500000
60 402 13 5.000000 0.000000 1.500000
60 155 14 5.000000 0.000000 1.500000
60 444 13 5.000000 0.000000 1.500000
60 732 15 5.000000 0.000000 1.500000
60 678 7 5.000000 0.000000 1.500000
60 645 15 5.000000 0.000000 1.500000
60 628 8 5.000000 0.000000 1.500000
60 525 7 5.000000 0.000000 1.500000
60 378 13 5.000000 0.000000 1.500000
60 325 8 5.000000 0.000000 1.500000
60 119 8 5.000000 0.000000 1.500000
60 98 6 5.000000 0.000000 1.500000
60 55 1 5.000000 0.000000 1.500000
60 109 7 5.000000 0.000000 1.500000
60 207 9 5.000000 0.000000 1.500000
60 213 12 5.000000 0.000000 1.500000
60 242 11 5.000000 0.000000 1.500000
60 271 6 5.000000 0.000000 1.500000
60 313 5 5.000000 0.000000 1.500000
60 326 12 5.000000 0.000000 1.500000
60 328 8 5.000000 0.000000 1.500000
60 403 8 5.000000 0.000000 1.500000
60 487 15 5.000000 0.000000 1.500000
60 515 4 5.000000 0.000000 1.500000
60 561 15 5.000000 0.000000 1.500000
60 573 12 5.000000 0.000000 1.500000
60 585 10 5.000000 0.000000 1.500000
60 397 14 5.000000 0.000000 1.500000
60 394 4 5.000000 0.000000 1.500000
60 184 10 5.000000 0.000000 1.500000
60 165 14 5.000000 0.000000 1.500000
60 58 2 5.000000 0.000000 1.500000
60 149 8 5.000000 0.000000 1.500000
60 224 10 5.000000 0.000000 1.500000
60 233 7 5.000000 0.000000 1.500000
60 257 9 5.000000 0.000000 1.500000
60 437 7 5.000000 0.000000 1.500000
60 63 2 5.000000 0.000000 1.500000
60 640 7 5.000000 0.000000 1.500000
60 672 15 5.000000 0.000000 1.500000
60 563 6 5.000000 0.000000 1.500000
60 498 15 5.000000 0.000000 1.500000
60 488 12 5.000000 0.000000 1.500000
60 446 6 5.000000 0.000000 1.500000
60 438 10 5.000000 0.000000 1.500000
60 384 15 5.000000 0.000000 1.500000
60 72 2 5.000000 0.000000 1.500000
60 38 1 5.000000 0.000000 1.500000
60 51 1 5.000000 0.000000 1.500000
60 125 5 5.000000 0.000000 1.500000
60 144 5 5.000000 0.000000 1.500000
60 196 13 5.000000 0.000000 1.500000
60 220 4 5.000000 0.000000 1.500000
60 226 5 5.000000 0.000000 1.500000
60 255 7 5.000000 0.000000 1.500000
60 270 14 5.000000 0.000000 1.500000
60 275 5 5.000000 0.000000 1.500000
60 300 7 5.000000 0.000000 1.500000
60 302 9 5.000000 0.000000 1.500000
60 356 11 5.000000 0.000000 1.500000
60 470 11 5.000000 0.000000 1.500000
60 648 14 5.000000 0.000000 1.500000
60 717 15 5.000000 0.000000 1.500000
60 637 7 5.000000 0.000000 1.500000
60 617 14 5.000000 0.000000 1.500000
60 616 15 5.000000 0.000000 1.500000
60 589 8 5.000000 0.000000 1.500000
60 588 4 5.000000 0.000000 1.500000
60 577 5 5.000000 0.000000 1.500000
60 571 9 5.000000 0.000000 1.500000
60 558 12 5.000000 0.000000 1.500000
60 500 11 5.000000 0.000000 1.500000
60 499 10 5.000000 0.000000 1.500000
60 477 13 5.000000 0.000000 1.500000
60 452 13 5.000000 0.000000 1.500000
60 433 11 5.000000 0.000000 1.500000
60 411 9 5.000000 0.000000 1.500000
60 392 6 5.000000 0.000000 1.500000
60 375 8 5.000000 0.000000 1.500000
60 358 4 5.000000 0.000000 1.500000
60 347 4 5.000000 0.000000 1.500000
60 337 7 5.000000 0.000000 1.500000
60 329 15 5.000000 0.000000 1.500000
60 327 6 5.000000 0.000000 1.500000
60 321 14 5.000000 0.000000 1.500000
60 316 12 5.000000 0.000000 1.500000
60 291 14 5.000000 0.000000 1.500000
60 278 7 5.000000 0.000000 1.500000
60 251 5 5.000000 0.000000 1.500000
60 228 8 5.000000 0.000000 1.500000
60 223 14 5.000000 0.000000 1.500000
60 205 9 5.000000 0.000000 1.500000
60 203 10 5.000000 0.000000 1.500000
60 201 5 5.000000 0.000000 1.500000
60 188 14 5.000000 0.000000 1.500000
60 181 13 5.000000 0.000000 1.500000
60 176 14 5.000000 0.000000 1.500000
60 122 10 5.000000 0.000000 1.500000
60 100 12 5.000000 0.000000 1.500000
60 88 3 5.000000 0.000000 1.500000
60 68 2 5.000000 0.000000 1.500000
60 52 1 5.000000 0.000000 1.500000
60 47 1 5.000000 0.000000 1.500000
60 42 1 5.000000 0.000000 1.500000
60 48 1 5.000000 0.000000 1.500000
60 74 2 5.000000 0.000000 1.500000
60 80 3 5.000000 0.000000 1.500000
60 102 6 5.000000 0.000000 1.500000
60 152 12 5.000000 0.000000 1.500000
60 154 11 5.000000 0.000000 1.500000
60 180 15 5.000000 0.000000 1.500000
60 183 7 5.000000 0.000000 1.500000
60 193 6 5.000000 0.000000 1.500000
60 208 7 5.000000 0.000000 1.500000
60 211 14 5.000000 0.000000 1.500000
60 235 6 5.000000 0.000000 1.500000
60 260 14 5.000000 0.000000 1.500000
60 265 6 5.000000 0.000000 1.500000
60 276 5 5.000000 0.000000 1.500000
60 295 4 5.000000 0.000000 1.500000
60 298 12 5.000000 0.000000 1.500000
60 306 11 5.000000 0.000000 1.500000
60 315 11 5.000000 0.000000 1.500000
60 324 5 5.000000 0.000000 1.500000
60 335 12 5.000000 0.000000 1.500000
60 343 13 5.000000 0.000000 1.500000
60 345 4 5.000000 0.000000 1.500000
60 393 13 5.000000 0.000000 1.500000
60 396 8 5.000000 0.000000 1.500000
60 410 10 5.000000 0.000000 1.500000
60 424 12 5.000000 0.000000 1.500000
60 431 14 5.000000 0.000000 1.500000
60 443 11 5.000000 0.000000 1.500000
60 448 12 5.000000 0.000000 1.500000
60 450 14 5.000000 0.000000 1.500000
60 490 14 5.000000 0.000000 1.500000
60 496 14 5.000000 0.000000 1.500000
60 522 7 5.000000 0.000000 1.500000
60 532 13 5.000000 0.000000 1.500000
60 542 7 5.000000 0.000000 1.500000
60 545 10 5.000000 0.000000 1.500000
60 547 6 5.000000 0.000000 1.500000
60 567 12 5.000000 0.000000 1.500000
60 570 14 5.000000 0.000000 1.500000
60 607 15 5.000000 0.000000 1.500000
60 615 15 5.000000 0.000000 1.500000
60 651 7 5.000000 0.000000 1.500000
60 662 5 5.000000 0.000000 1.500000
60 675 8 5.000000 0.000000 1.500000
60 657 7 5.000000 0.000000 1.500000
60 631 14 5.000000 0.000000 1.500000
60 575 15 5.000000 0.000000 1.500000
60 533 12 5.000000 0.000000 1.500000
60 479 10 5.000000 0.000000 1.500000
60 460 7 5.000000 0.000000 1.500000
60 456 10 5.000000 0.000000 1.500000
60 368 12 5.000000 0.000000 1.500000
60 349 7 5.000000 0.000000 1.500000
60 268 10 5.000000 0.000000 1.500000
60 175 7 5.000000 0.000000 1.500000
60 148 8 5.000000 0.000000 1.500000
60 112 5 5.000000 0.000000 1.500000
60 50 1 5.000000 0.000000 1.500000
60 27 5 5.000000 0.000000 1.500000
60 29 7 5.000000 0.000000 1.500000
60 41 1 5.000000 0.000000 1.500000
60 57 2 5.000000 0.000000 1.500000
60 96 5 5.000000 0.000000 1.500000
60 118 9 5.000000 0.000000 1.500000
60 131 11 5.000000 0.000000 1.500000
60 145 9 5.000000 0.000000 1.500000
60 219 11 5.000000 0.000000 1.500000
60 262 12 5.000000 0.000000 1.500000
60 331 11 5.000000 0.000000 1.500000
60 348 9 5.000000 0.000000 1.500000
60 385 13 5.000000 0.000000 1.500000
60 409 6 5.000000 0.000000 1.500000
60 418 15 5.000000 0.000000 1.500000
60 427 13 5.000000 0.000000 1.500000
60 509 10 5.000000 0.000000 1.500000
60 521 6 5.000000 0.000000 1.500000
60 540 10 5.000000 0.000000 1.500000
60 422 9 5.000000 0.000000 1.500000
60 370 13 5.000000 0.000000 1.500000
60 77 3 5.000000 0.000000 1.500000
60 166 5 5.000000 0.000000 1.500000
60 318 4 5.000000 0.000000 1.500000
60 391 9 5.000000 0.000000 1.500000
60 644 8 5.000000 0.000000 1.500000
60 604 8 5.000000 0.000000 1.500000
60 529 14 5.000000 0.000000 1.500000
60 506 11 5.000000 0.000000 1.500000
60 465 13 5.000000 0.000000 1.500000
60 462 9 5.000000 0.000000 1.500000
60 414 10 5.000000 0.000000 1.500000
60 379 12 5.000000 0.000000 1.500000
60 373 6 5.000000 0.000000 1.500000
60 369 12 5.000000 0.000000 1.500000
60 322 7 5.000000 0.000000 1.500000
60 314 13 5.000000 0.000000 1.500000
60 304 5 5.000000 0.000000 1.500000
60 290 6 5.000000 0.000000 1.500000
60 281 8 5.000000 0.000000 1.500000
60 261 4 5.000000 0.000000 1.500000
60 229 11 5.000000 0.000000 1.500000
60 225 14 5.000000 0.000000 1.500000
60 172 4 5.000000 0.000000 1.500000
60 169 13 5.000000 0.000000 1.500000
60 135 11 5.000000 0.000000 1.500000
60 85 3 5.000000 0.000000 1.500000
60 37 15 5.000000 0.000000 1.500000
60 39 1 5.000000 0.000000 1.500000
60 59 2 5.000000 0.000000 1.500000
60 192 13 5.000000 0.000000 1.500000
60 312 5 5.000000 0.000000 1.500000
60 332 7 5.000000 0.000000 1.500000
60 334 9 5.000000 0.000000 1.500000
60 342 8 5.000000 0.000000 1.500000
60 412 11 5.000000 0.000000 1.500000
60 489 14 5.000000 0.000000 1.500000
60 523 12 5.000000 0.000000 1.500000
60 548 9 5.000000 0.000000 1.500000
60 550 9 5.000000 0.000000 1.500000
60 480 7 5.000000 0.000000 1.500000
60 405 7 5.000000 0.000000 1.500000
60 287 11 5.000000 0.000000 1.500000
60 170 14 5.000000 0.000000 1.500000
60 130 13 5.000000 0.000000 1.500000
60 83 3 5.000000 0.000000 1.500000
60 46 1 5.000000 0.000000 1.500000
60 28 6 5.000000 0.000000 1.500000
60 202 13 5.000000 0.000000 1.500000
60 366 13 5.000000 0.000000 1.500000
60 425 13 5.000000 0.000000 1.500000
60 429 10 5.000000 0.000000 1.500000
60 478 8 5.000000 0.000000 1.500000
60 510 15 5.000000 0.000000 1.500000
60 632 8 5.000000 0.000000 1.500000
60 715 0 0.000000 2.500000 1.500000
60 766 0 0.000000 2.500000 1.500000
60 770 0 0.000000 2.500000 1.500000
60 714 0 0.000000 2.500000 1.500000
60 730 0 0.000000 2.500000 1.500000
60 679 0 0.000000 2.500000 1.500000
60 566 0 0.000000 2.500000 1.500000
60 710 0 0.000000 2.500000 1.500000
60 94 0 0.000000 2.500000 1.500000
60 813 0 0.000000 2.500000 1.500000
60 785 0 0.000000 2.500000 1.500000
60 696 0 0.000000 2.500000 1.500000
60 593 0 0.000000 2.500000 1.500000
60 706 0 0.000000 2.500000 1.500000
60 708 0 0.000000 2.500000 1.500000
60 736 0 0.000000 2.500000 1.500000
60 822 0 0.000000 2.500000 1.500000
60 807 0 0.000000 2.500000 1.500000
60 767 0 0.000000 2.500000 1.500000
60 764 0 0.000000 2.500000 1.500000
60 760 0 0.000000 2.500000 1.500000
60 744 0 0.000000 2.500000 1.500000
60 790 0 0.000000 2.500000 1.500000
60 704 0 0.000000 2.500000 1.500000
60 720 0 0.000000 2.500000 1.500000
60 740 0 0.000000 2.500000 1.500000
60 786 0 0.000000 2.500000 1.500000
60 750 0 0.000000 2.500000 1.500000
60 652 0 0.000000 2.500000 1.500000
60 634 0 0.000000 2.500000 1.500000
60 626 0 0.000000 2.500000 1.500000
60 646 0 0.000000 2.500000 1.500000
60 614 0 0.000000 2.500000 1.500000
